3961 100 0 0 10
0 3 29 11 35 3
0 8 7 18 15 4
0 13 32 32 38 7
0 15 45 10 14 8
0 49 0 39 5 4
0 49 33 24 37 4
1 0 31 36 2 1
2 21 4 41 43 9
2 34 26 34 13 5
2 36 38 40 0 3
2 48 17 21 40 2
3 17 14 40 19 7
3 29 40 39 30 3
3 33 0 7 26 7
3 33 30 37 19 4
3 34 29 45 28 11
3 47 29 12 19 4
3 49 47 48 16 2
4 6 11 11 21 7
4 20 10 18 41 9
4 33 26 32 21 5
4 35 40 49 26 5
4 40 10 46 8 7
4 47 36 37 33 6
5 5 49 28 20 9
5 10 33 14 48 12
5 15 41 21 28 7
5 44 12 34 25 5
5 47 5 39 11 7
6 3 31 0 18 4
6 9 3 19 33 5
6 27 15 4 38 3
6 33 11 28 12 5
6 38 49 40 23 1
7 0 25 39 25 8
7 0 30 35 16 3
7 0 33 41 36 8
7 0 49 17 24 5
7 1 11 22 36 5
7 3 36 40 21 8
7 12 17 47 3 7
7 13 23 21 39 5
7 16 38 17 0 4
7 17 11 34 10 4
7 18 10 15 34 3
7 19 26 21 26 1
7 28 8 28 39 10
7 36 40 8 41 2
7 42 2 19 29 7
8 0 10 12 21 4
8 7 12 5 17 6
8 23 0 38 8 8
8 37 18 5 40 8
8 41 45 1 12 2
8 43 0 21 4 5
9 6 12 45 20 10
9 9 2 48 43 8
9 28 37 44 45 9
9 36 15 39 31 9
9 44 41 19 13 5
9 49 19 32 41 5
10 0 36 46 38 6
10 3 28 42 12 7
10 14 38 29 21 10
10 37 3 20 19 4
10 39 38 48 4 9
10 43 41 31 45 7
10 46 8 40 7 6
10 47 49 8 32 2
10 48 11 42 21 2
10 49 20 13 13 8
11 0 21 25 38 10
11 11 23 41 23 5
11 19 22 40 35 9
11 21 26 15 9 7
11 22 23 13 5 8
11 32 45 43 25 5
11 49 47 11 19 6
12 11 19 39 11 10
12 28 34 6 19 7
12 33 39 49 42 2
12 34 4 35 7 3
12 35 26 30 31 5
13 0 19 20 13 7
13 16 27 30 30 7
13 17 43 2 43 11
13 26 8 14 33 3
14 44 19 1 7 7
14 46 10 26 34 14
14 47 8 21 16 10
15 0 38 43 48 10
15 4 18 44 45 6
15 26 49 12 45 8
15 30 17 5 5 7
15 32 6 23 46 6
15 33 45 8 20 8
15 34 8 20 9 8
15 37 6 11 27 3
16 23 36 5 21 3
16 35 30 22 4 4
16 37 18 41 28 1
17 0 35 39 15 5
17 15 15 22 43 6
17 19 16 34 48 3
17 47 40 25 29 9
18 28 24 49 47 2
18 34 15 44 17 10
18 36 24 46 48 9
18 38 33 15 24 3
19 44 24 39 28 8
20 27 40 19 27 8
20 39 4 13 41 7
21 3 17 32 31 4
21 15 16 42 2 13
21 36 14 23 13 8
21 42 4 42 11 6
21 45 24 10 30 7
22 26 44 37 12 7
22 39 28 17 36 4
22 44 18 10 38 11
22 44 29 49 16 9
23 4 14 11 11 5
24 6 39 45 29 5
24 35 36 7 32 12
25 18 4 31 15 3
25 18 41 46 9 5
25 33 15 37 14 4
25 38 22 17 34 4
25 49 20 11 5 6
26 25 29 23 42 6
26 35 7 2 32 8
27 45 33 37 33 7
28 37 3 45 27 7
28 43 4 4 39 7
29 8 15 36 47 3
29 38 22 1 42 10
29 47 41 29 24 7
30 28 37 19 15 3
31 8 14 13 5 10
31 11 36 18 35 7
31 19 5 37 23 9
31 19 49 11 9 12
31 21 45 19 47 3
31 26 25 4 9 10
31 37 11 1 24 6
32 41 22 35 25 8
32 44 26 33 9 10
32 45 38 28 26 8
33 5 35 45 31 4
33 17 20 8 34 6
33 19 35 42 32 3
33 30 25 19 12 5
33 38 28 30 41 8
33 45 30 12 6 7
34 2 22 9 18 10
34 7 44 44 21 7
34 8 11 28 36 3
34 17 14 32 16 16
34 18 24 41 22 1
35 7 19 36 44 8
35 9 40 21 15 9
35 14 19 17 1 10
35 26 17 5 4 7
35 41 6 9 40 10
36 14 25 23 6 9
36 23 8 29 39 8
36 39 31 13 32 13
36 42 11 41 5 3
37 14 5 4 45 8
37 18 18 8 7 9
37 22 14 8 19 7
37 49 2 39 10 3
38 7 29 23 31 5
38 13 30 42 24 14
38 16 46 39 8 10
38 18 6 12 10 6
38 43 41 23 14 7
38 44 21 17 28 2
38 46 10 49 11 3
39 33 43 15 14 6
39 35 10 31 42 7
39 35 33 1 28 8
40 20 38 8 18 4
40 47 7 47 32 7
41 12 31 42 32 15
41 18 38 25 36 3
41 22 49 17 37 6
41 35 11 23 16 8
41 37 18 49 20 6
41 49 42 5 18 12
42 17 24 34 39 6
42 20 20 43 3 6
42 21 33 17 29 7
42 48 49 1 31 4
43 0 6 18 26 3
43 1 17 35 14 7
43 10 11 4 48 9
43 30 48 22 29 4
43 39 31 33 4 5
44 18 46 42 7 7
44 23 41 24 42 1
44 24 43 24 44 0
44 40 42 38 41 2
44 41 27 20 11 4
45 7 39 13 25 3
45 9 31 38 13 6
45 18 11 5 22 4
45 20 31 20 13 6
45 44 15 25 26 5
45 45 47 42 8 4
45 49 18 7 32 5
46 6 7 6 6 0
46 23 21 23 44 7
46 42 1 40 5 5
47 31 31 10 18 9
47 40 23 33 42 9
48 5 10 11 49 5
48 27 34 31 22 8
48 29 31 7 27 9
48 34 14 1 4 4
49 4 36 6 42 7
49 13 31 25 48 4
49 39 15 6 25 5
49 42 25 49 3 7
50 7 24 47 8 5
50 13 31 3 30 10
50 33 34 27 17 4
50 46 44 37 9 7
51 7 18 12 28 7
51 39 35 30 4 9
51 39 45 20 35 5
51 40 11 29 38 5
51 49 14 40 35 6
52 3 2 15 47 13
52 14 0 29 6 8
52 28 14 14 7 10
52 37 5 29 33 8
53 19 7 7 48 6
53 24 43 2 20 2
54 10 16 48 40 5
54 13 3 9 28 12
54 28 16 4 7 4
54 35 42 19 39 6
54 48 41 28 41 8
55 9 24 48 2 9
55 10 10 27 4 4
55 38 25 12 28 3
55 42 25 36 20 6
55 43 3 31 10 2
56 0 7 30 39 7
56 12 36 21 29 5
56 18 15 22 19 3
56 27 43 45 22 7
56 41 18 23 43 6
56 47 44 18 41 4
57 10 38 41 23 8
57 15 30 29 39 5
57 29 21 32 22 3
58 14 8 10 10 5
58 23 35 31 42 4
58 31 27 47 1 6
59 1 4 47 9 9
59 17 31 43 41 3
59 44 28 5 1 7
61 5 22 19 42 7
61 11 31 17 35 5
61 17 24 27 43 7
61 25 26 5 37 6
61 28 6 45 23 11
61 30 43 32 27 6
61 40 26 8 12 4
61 41 35 5 18 8
61 45 5 30 17 6
62 8 7 44 4 6
62 30 19 34 36 9
62 36 44 26 38 12
62 48 21 27 15 3
63 5 39 25 39 7
63 12 35 10 15 8
63 32 23 23 27 7
63 40 34 8 41 10
64 19 17 23 15 4
65 0 25 15 36 8
65 20 24 14 25 6
65 39 44 38 23 6
65 40 7 25 22 11
66 0 30 7 1 4
66 2 42 5 26 6
66 14 28 4 39 5
66 25 10 1 44 6
66 31 41 23 30 5
67 3 22 2 48 6
67 6 23 24 3 9
67 11 6 43 33 6
67 31 9 30 17 3
67 37 46 47 23 8
68 22 8 42 0 3
68 28 9 22 44 11
68 28 49 30 31 4
68 32 32 23 40 10
69 1 49 10 16 4
69 10 1 31 16 9
69 19 35 2 47 1
69 31 21 2 30 8
69 42 13 13 1 8
70 9 13 14 11 4
70 24 42 26 1 6
70 37 42 39 33 5
70 45 18 33 16 4
71 23 16 46 48 6
71 41 36 4 31 3
72 21 31 16 45 9
72 30 7 32 44 2
73 3 40 30 49 8
73 15 15 41 3 2
73 15 25 37 14 4
73 40 3 15 0 7
74 0 27 46 11 2
74 7 38 40 23 4
74 13 32 23 26 5
74 19 30 7 2 9
74 28 29 27 45 8
75 4 3 15 39 4
75 21 37 15 28 11
75 22 43 29 38 7
75 24 8 18 14 8
75 25 38 20 3 4
75 31 31 42 13 10
75 32 5 46 37 6
75 33 36 27 2 1
76 26 33 6 47 14
76 33 3 17 26 8
76 34 25 22 30 5
76 35 10 5 8 6
76 36 41 33 34 6
76 39 15 43 42 4
76 49 5 14 1 5
77 0 21 34 17 3
77 20 11 16 12 4
77 32 44 14 9 10
77 40 27 22 42 9
78 2 30 34 4 10
78 20 31 44 10 7
79 5 35 31 8 11
79 27 15 2 30 6
79 30 36 41 42 5
80 3 0 27 47 9
80 5 27 38 11 10
80 8 16 16 34 12
80 8 34 29 18 10
80 16 3 8 31 6
80 18 14 47 34 7
80 44 31 22 40 7
81 23 41 31 27 6
81 31 15 26 19 8
82 6 30 38 23 4
82 6 40 28 47 5
82 10 16 8 4 9
82 22 36 9 49 11
82 22 42 37 34 6
82 39 41 5 18 4
82 42 7 0 43 6
83 1 48 40 35 4
83 10 24 10 37 6
83 27 31 15 24 5
83 31 17 6 48 11
84 0 29 0 46 8
84 27 40 49 2 10
84 49 2 2 34 4
85 11 27 6 42 6
85 15 35 11 45 2
85 21 25 20 11 6
86 22 49 11 9 11
86 44 7 47 40 5
86 46 0 34 41 8
87 2 48 28 2 5
87 8 17 39 7 4
87 13 49 42 37 3
87 19 16 21 45 3
87 44 20 9 21 6
88 0 28 18 30 10
88 16 8 36 12 5
89 21 37 11 39 10
89 26 21 14 25 2
89 37 13 46 27 4
89 49 41 1 11 3
90 7 49 22 14 8
90 11 49 5 19 7
90 16 40 8 8 5
90 21 24 34 15 11
90 24 42 41 49 12
90 26 34 23 21 7
90 34 14 47 48 6
90 40 18 39 34 10
90 41 37 38 47 6
91 45 0 49 7 5
92 31 35 1 44 5
93 6 15 44 0 5
93 10 44 22 11 2
93 13 45 17 24 4
93 22 8 1 47 7
93 26 20 18 46 9
93 34 25 12 13 6
93 45 7 8 45 14
93 49 4 32 36 8
94 13 39 47 17 6
94 37 48 43 42 9
95 4 8 13 41 8
95 15 0 7 48 3
96 20 26 13 45 7
96 21 11 40 11 6
96 33 10 21 46 8
96 42 41 24 12 4
97 4 36 48 8 5
97 5 20 9 24 7
97 5 48 29 47 9
97 24 26 23 19 6
97 27 49 46 6 5
97 37 30 2 8 9
97 44 21 18 3 5
97 44 27 25 33 7
97 47 16 7 15 9
98 3 12 5 17 6
98 7 0 47 38 4
98 7 23 31 28 11
98 9 1 21 6 6
99 16 22 1 40 9
99 19 7 29 24 5
99 34 15 44 47 6
99 46 29 14 31 9
100 6 40 28 25 7
100 47 12 4 49 3
101 4 25 34 11 7
101 5 36 1 10 8
101 11 37 19 24 11
101 12 36 48 27 12
101 22 2 22 4 1
102 0 48 6 38 6
102 17 24 49 41 4
103 41 44 3 33 7
104 10 38 45 18 9
104 25 41 4 33 5
105 13 0 18 10 2
105 22 4 49 8 10
105 36 25 13 31 6
105 38 36 38 30 3
105 49 42 16 25 10
106 16 25 43 22 2
106 35 27 46 42 8
106 37 37 8 6 5
106 45 5 2 47 8
107 2 30 24 24 6
107 7 36 6 20 8
107 8 48 1 44 3
107 19 37 7 37 6
107 27 48 8 38 9
107 34 22 2 4 16
107 39 38 12 23 11
107 42 31 26 47 9
107 47 4 37 45 7
108 0 0 16 11 7
108 9 46 46 2 4
108 39 17 11 2 10
108 47 15 36 33 5
109 4 0 31 26 5
109 14 19 0 39 7
110 0 17 29 41 6
110 27 42 18 21 10
110 42 30 39 31 3
110 44 32 19 28 7
111 22 28 6 26 11
111 49 43 7 18 8
112 34 26 48 14 12
113 17 34 48 17 5
113 19 22 0 11 5
113 27 17 13 0 5
113 43 39 26 5 9
113 44 11 1 49 4
114 9 42 38 19 8
114 43 6 39 12 9
114 48 45 20 25 6
115 2 45 6 14 3
115 5 42 45 25 7
115 10 18 16 4 7
116 0 16 46 10 12
116 19 24 15 49 12
116 19 44 32 4 3
116 25 7 36 7 6
117 5 18 32 4 0
117 11 26 22 9 5
117 16 10 17 21 6
117 32 48 42 35 4
118 9 12 16 25 6
118 17 9 44 36 9
118 30 5 8 5 5
118 35 17 1 45 4
118 44 6 4 38 6
119 10 12 31 25 4
119 45 49 0 6 4
120 16 47 15 27 5
121 6 45 39 30 3
121 18 17 40 20 7
121 20 21 20 28 6
121 25 6 25 20 8
121 25 36 31 38 3
121 40 49 41 23 1
122 20 42 22 17 11
122 31 11 16 41 4
123 5 36 11 38 6
123 22 47 11 49 5
123 32 39 14 23 3
123 41 30 48 37 9
123 49 2 31 14 0
124 1 38 18 31 4
124 5 41 7 48 6
124 19 7 13 41 5
124 19 12 48 19 7
125 35 36 46 5 7
126 26 24 30 35 9
127 34 8 28 23 9
128 7 19 14 35 2
128 16 8 34 36 3
128 33 29 32 42 9
128 42 25 6 32 5
129 10 46 20 24 8
129 27 28 4 22 5
129 42 41 4 17 11
129 49 4 16 38 12
129 49 10 4 34 2
129 49 28 43 10 5
130 17 36 12 43 9
130 26 4 7 25 7
130 34 43 25 23 8
130 43 45 43 33 3
131 0 35 25 45 4
131 4 34 32 49 8
132 5 12 32 28 5
132 5 38 35 4 7
132 5 39 38 44 13
132 9 44 25 13 12
132 13 5 42 27 9
132 13 32 42 44 4
132 14 5 48 44 6
132 22 24 4 27 3
132 33 10 8 5 10
132 49 43 24 17 3
133 1 11 8 6 11
133 4 46 44 35 7
133 9 41 41 9 5
133 17 30 29 37 7
133 35 30 12 13 5
134 2 13 11 12 5
134 15 26 3 13 8
134 16 25 26 39 15
134 37 9 43 28 6
135 0 13 6 37 4
135 5 8 4 39 6
135 13 17 5 43 8
135 19 32 25 12 16
135 21 41 42 34 5
135 43 17 42 43 8
136 26 6 10 22 7
136 35 49 13 46 6
136 44 4 46 47 12
137 16 22 34 30 5
137 37 39 27 37 10
138 2 14 27 24 5
138 4 25 29 36 4
138 7 2 22 47 14
138 15 22 27 47 5
138 21 4 34 13 5
138 25 19 0 32 2
138 43 40 19 7 11
138 46 40 19 21 11
139 19 30 47 46 8
139 35 0 27 20 8
139 46 19 8 47 8
140 9 2 21 2 6
140 12 0 44 19 4
140 13 8 33 18 8
140 44 13 5 26 10
140 45 5 39 48 3
141 1 6 20 1 4
141 9 49 37 11 3
141 43 31 6 42 2
142 10 49 1 4 6
142 15 49 43 48 5
142 22 44 44 18 9
142 33 26 36 45 6
142 33 30 23 29 10
143 0 34 5 1 6
143 21 28 39 19 7
145 37 26 32 18 7
145 43 15 40 36 9
145 47 14 29 27 6
146 9 24 10 43 15
146 22 20 22 10 3
146 30 8 47 32 13
146 36 13 43 37 7
147 15 30 42 29 7
147 49 22 4 45 4
148 38 16 13 25 8
149 22 25 49 32 3
149 28 25 0 19 4
150 7 46 17 3 8
150 8 42 15 16 3
150 31 0 27 5 8
150 32 40 33 1 4
150 38 12 34 37 7
150 41 27 25 41 8
151 19 26 46 8 12
151 23 20 17 1 9
151 23 39 23 16 4
151 28 18 38 35 9
151 34 42 40 7 12
152 1 42 0 8 6
152 4 14 10 25 5
152 15 45 46 27 10
152 47 31 48 23 8
153 6 13 37 27 10
153 41 0 0 47 10
153 41 45 31 1 4
154 0 45 34 9 1
154 2 21 6 41 4
154 13 46 29 32 1
154 13 48 10 17 8
154 27 5 31 14 11
154 30 37 36 13 2
155 11 37 25 48 14
155 11 41 9 28 5
155 16 3 14 13 6
155 22 12 28 48 5
155 22 37 48 13 5
155 26 49 23 15 8
155 42 41 4 48 10
155 45 25 31 31 7
156 11 2 25 35 9
157 10 32 49 49 10
157 33 19 34 48 10
157 37 32 21 27 10
158 0 32 7 6 1
158 10 45 33 9 10
158 16 20 42 20 10
158 47 5 40 39 1
160 0 41 7 24 7
160 9 17 38 27 7
160 29 19 31 41 11
160 32 49 35 1 9
160 33 29 45 23 2
160 41 27 5 14 6
160 48 13 42 49 5
161 0 44 9 19 7
161 6 39 10 11 2
161 22 0 21 31 3
161 48 45 8 1 9
162 7 22 32 44 4
162 31 33 45 45 8
162 31 47 31 5 5
162 36 25 29 27 8
163 6 47 0 8 12
163 28 15 32 24 9
163 33 9 40 6 9
164 10 22 48 36 6
164 25 15 8 8 4
164 25 18 31 49 5
164 27 36 23 43 2
164 32 48 17 30 11
164 34 39 30 19 10
166 1 38 45 44 11
166 22 30 37 15 2
166 24 25 34 33 9
167 0 1 11 21 7
167 7 14 29 40 10
167 8 25 32 30 5
167 42 20 24 36 5
167 43 34 33 35 5
167 48 18 45 2 7
168 4 0 32 26 3
168 4 31 13 30 9
168 4 33 21 13 1
168 19 14 29 17 7
168 25 30 16 11 8
168 49 30 7 0 2
169 4 44 4 19 6
169 8 29 29 2 6
169 17 22 17 24 1
169 22 43 10 45 5
169 34 26 10 8 10
169 34 44 36 16 9
169 39 30 12 48 10
169 45 4 6 2 9
169 47 49 42 27 6
170 23 10 6 44 10
170 31 18 33 2 10
170 45 28 22 23 7
171 22 27 11 34 8
171 29 29 24 4 4
172 41 18 18 20 13
172 47 49 14 9 4
173 0 18 2 25 2
173 23 20 29 22 5
173 27 26 9 27 4
173 36 36 20 8 4
173 43 40 14 17 3
174 12 34 48 2 9
174 22 38 34 14 6
174 27 42 37 0 10
174 31 16 34 30 2
176 39 36 47 23 5
176 41 30 12 26 3
176 46 19 28 49 3
177 15 29 12 31 4
177 22 12 18 1 4
177 39 0 15 33 8
177 40 8 37 3 4
178 0 4 26 45 1
178 0 29 25 8 6
178 8 31 38 39 9
178 19 13 1 12 7
178 28 3 33 4 5
178 29 45 29 36 8
178 41 9 12 19 3
178 46 15 46 7 6
179 11 10 11 49 2
179 15 8 27 44 5
179 20 0 11 35 4
180 0 11 14 24 7
180 6 8 42 38 4
180 23 25 12 6 6
180 23 49 32 12 7
180 33 12 43 16 5
180 43 8 22 42 10
180 43 40 23 28 7
181 13 6 28 49 13
181 35 34 32 27 9
181 42 30 30 4 7
181 45 27 6 8 7
181 47 19 40 26 8
181 48 46 23 26 3
182 13 29 20 38 3
182 27 5 37 16 13
183 7 21 28 0 9
183 10 16 15 19 1
184 21 30 29 27 2
184 26 36 44 47 2
184 37 22 11 32 8
185 1 46 6 16 5
185 48 5 48 25 6
186 9 46 26 34 9
186 28 14 42 47 4
186 28 36 37 22 7
186 28 38 36 46 6
186 33 47 8 28 6
187 3 46 44 48 6
187 5 15 5 27 9
187 27 49 28 4 5
187 36 29 3 20 3
187 42 20 22 43 12
188 2 14 23 21 8
188 26 9 6 1 11
188 26 25 36 46 6
188 36 7 21 46 5
188 43 27 27 16 9
188 44 49 0 43 4
189 18 7 27 14 5
189 22 35 30 22 6
189 26 22 36 47 10
190 3 19 36 10 11
190 6 26 42 20 11
190 9 32 30 18 4
190 13 23 31 13 7
190 15 28 11 6 7
190 17 9 41 1 4
190 33 8 25 26 3
190 46 16 11 6 5
191 30 33 47 3 12
191 35 0 26 38 13
192 27 22 12 26 2
192 30 40 26 7 9
192 31 5 23 21 0
192 34 22 23 43 9
192 37 0 32 27 6
193 1 44 34 16 5
193 25 29 37 17 6
193 28 0 19 10 9
193 30 33 4 21 10
193 39 14 42 32 7
194 5 24 28 3 7
194 13 33 48 19 7
194 14 23 39 31 5
194 16 0 38 21 3
194 24 38 26 19 4
194 31 11 49 29 4
194 42 32 12 34 8
195 28 44 7 24 5
195 29 27 2 21 7
195 40 30 38 47 4
195 49 6 14 14 4
196 2 13 11 41 3
196 26 37 11 23 9
197 40 5 40 8 2
197 49 48 18 49 1
198 10 21 27 31 7
199 32 43 31 43 0
199 34 31 39 31 4
200 4 31 24 20 9
200 11 2 5 4 5
200 24 10 30 32 8
201 3 10 16 7 5
201 38 15 22 7 6
201 46 47 49 13 4
201 49 31 9 24 7
202 15 18 9 16 6
202 15 23 43 15 9
202 40 17 45 12 5
203 0 44 11 10 4
203 10 12 44 27 4
203 30 25 29 26 1
203 47 23 32 6 3
203 48 49 31 27 8
204 30 26 20 12 5
205 19 17 5 35 9
205 22 24 0 31 10
206 27 4 35 26 9
206 31 1 12 41 6
206 34 14 44 22 5
207 5 0 5 8 2
207 9 45 29 23 7
207 9 47 21 27 7
207 22 22 32 14 8
207 24 33 20 40 8
207 24 49 31 4 7
208 9 21 33 15 11
208 12 28 17 42 2
208 24 19 6 26 8
208 24 19 23 21 2
208 28 48 1 21 8
209 5 1 30 40 3
209 15 46 31 6 7
209 21 38 21 15 10
209 25 20 34 36 2
209 28 0 22 31 7
209 29 46 48 6 4
209 36 17 6 39 6
210 38 15 8 36 5
210 44 30 47 31 3
210 45 6 8 46 13
211 6 38 27 33 10
211 16 11 9 28 13
211 30 4 47 35 0
211 32 46 36 49 6
211 37 16 9 42 4
211 43 49 13 3 8
212 5 8 9 23 10
212 29 9 20 23 6
213 1 22 20 41 6
213 5 5 49 6 3
213 7 3 7 35 3
213 13 10 5 40 8
214 10 31 30 19 8
214 21 26 18 36 2
214 25 0 45 8 8
214 44 3 7 20 5
215 1 42 37 0 2
215 9 19 36 7 6
215 11 33 38 9 1
215 14 10 47 24 5
215 26 43 22 21 4
215 29 3 1 16 8
215 39 28 20 49 9
215 39 32 17 1 1
216 2 19 3 24 5
216 3 0 37 49 4
216 49 9 37 6 7
217 9 41 26 46 3
217 25 17 3 49 8
217 29 36 41 4 7
217 35 41 23 35 11
218 9 24 6 10 3
218 12 4 42 21 7
218 14 29 17 34 7
218 21 47 0 21 8
218 30 14 14 23 7
218 33 30 34 33 3
218 35 23 22 24 13
219 6 3 2 27 8
219 23 45 30 41 10
219 31 46 16 46 6
219 44 7 33 35 12
219 44 49 34 18 4
219 45 16 0 11 10
220 6 14 46 37 6
220 27 41 46 0 5
220 39 0 18 17 3
221 38 13 20 23 8
221 38 42 5 38 11
221 49 33 37 19 7
221 49 45 7 19 8
222 0 26 31 26 7
222 1 28 30 44 6
222 23 9 48 6 3
222 24 45 38 46 4
222 34 15 3 35 7
222 34 26 42 45 9
223 9 23 7 24 2
223 26 19 33 36 3
223 26 38 30 19 12
223 28 4 7 45 7
224 11 11 37 34 14
224 16 38 20 27 6
224 26 35 41 43 8
224 33 44 30 10 6
224 35 36 17 19 1
224 43 23 17 37 12
225 0 27 36 5 4
225 4 27 33 18 9
225 40 18 11 28 11
226 19 17 11 27 8
226 25 11 4 48 6
226 42 13 18 30 5
227 22 40 48 16 7
227 43 34 44 36 2
227 49 0 30 23 9
228 2 38 28 20 6
228 4 18 49 45 12
228 16 32 23 40 7
228 34 49 46 40 2
229 39 29 46 31 8
230 9 10 27 1 3
230 28 37 2 29 9
230 29 31 20 25 2
230 49 17 16 39 6
231 3 8 31 14 5
231 13 39 40 36 10
231 22 25 13 46 6
231 23 30 7 8 7
232 33 33 41 27 1
233 6 22 47 0 5
233 8 36 35 25 5
233 11 22 20 38 9
233 17 21 39 47 5
233 19 35 41 24 7
233 28 12 2 9 9
234 12 43 35 11 7
234 22 20 4 7 5
234 23 0 4 43 8
234 40 10 36 41 8
235 20 20 19 36 8
235 36 46 45 26 4
235 49 35 11 39 3
236 19 21 42 29 3
236 21 43 41 32 9
236 36 18 27 2 6
237 8 22 13 40 4
237 25 11 40 24 11
237 35 24 6 18 8
237 37 47 47 13 8
237 44 33 25 23 3
238 14 36 48 4 11
238 29 0 30 47 16
238 30 32 36 2 8
238 32 14 12 36 7
239 12 32 25 28 10
239 24 46 1 30 9
239 41 8 10 15 8
239 44 11 0 37 10
241 0 13 20 39 11
241 5 23 11 41 11
241 9 43 32 30 3
241 18 22 11 3 7
241 20 45 6 15 12
241 33 36 4 32 10
241 34 8 27 20 5
241 34 23 45 40 9
241 45 25 4 38 4
242 23 25 24 35 6
242 38 23 8 11 9
243 3 37 49 6 5
243 25 37 20 8 8
244 43 0 16 5 7
245 34 2 11 4 10
245 34 24 36 45 6
245 45 19 48 18 3
245 47 43 35 24 4
246 25 27 28 5 6
246 38 22 23 25 8
246 40 22 10 30 4
247 0 44 17 5 15
247 2 18 46 32 7
247 13 4 17 27 10
247 16 17 45 3 4
247 26 25 6 41 6
247 33 24 39 23 6
247 49 5 47 6 2
247 49 11 39 30 9
248 0 29 19 28 5
248 7 42 41 0 6
248 48 34 32 23 6
249 21 48 19 15 4
249 33 13 36 11 4
249 41 41 16 14 5
250 9 15 22 34 8
250 22 19 19 43 5
251 9 39 23 48 6
252 10 26 24 38 2
252 25 2 35 46 2
252 27 3 33 11 6
252 46 7 1 33 3
253 0 21 2 18 2
253 7 25 38 21 9
253 18 43 40 36 9
253 48 21 3 4 9
254 2 31 27 15 5
254 13 34 37 18 12
254 23 37 13 43 4
254 28 34 19 35 9
254 29 4 43 4 6
255 0 49 46 43 6
255 25 11 28 13 4
255 25 18 20 29 7
256 4 12 2 28 5
256 28 36 18 41 6
256 29 22 34 29 10
257 3 8 49 36 10
257 10 43 0 32 5
257 20 37 40 28 4
257 30 22 8 21 8
257 37 27 6 11 6
257 43 16 42 2 8
258 16 25 48 43 13
258 32 22 47 42 3
259 4 12 30 11 9
259 6 37 11 47 8
259 22 27 40 26 7
259 33 43 30 38 5
260 31 29 11 13 3
260 36 2 12 23 9
260 41 33 32 14 9
261 6 48 20 14 2
261 21 32 44 14 8
261 36 18 3 14 9
261 39 7 4 15 8
261 41 3 14 49 10
262 14 10 15 16 6
262 47 34 32 10 6
263 0 13 11 14 9
263 6 8 9 45 8
263 8 22 28 21 6
263 10 0 47 22 4
263 17 36 24 1 1
263 36 19 24 12 10
263 41 36 45 25 2
263 41 41 4 49 9
264 11 0 0 24 6
264 12 2 27 31 8
264 26 7 1 46 6
264 34 0 38 0 3
264 44 44 7 32 7
264 47 33 32 0 10
265 3 29 21 12 4
265 20 27 14 35 5
265 32 5 45 49 8
265 45 31 34 33 6
266 7 49 39 22 6
266 14 41 31 3 6
266 22 33 11 47 13
266 31 15 27 9 8
266 35 18 1 37 9
266 41 0 23 49 6
266 42 49 15 9 7
267 9 40 6 46 4
267 19 35 43 49 4
267 21 43 39 41 8
267 24 15 14 21 6
267 33 26 47 6 6
267 36 42 7 10 2
267 49 12 37 8 5
268 7 0 15 45 12
268 9 36 33 31 11
268 22 31 7 8 7
268 39 44 12 32 4
269 14 30 25 22 8
269 24 45 22 33 8
270 16 13 5 21 8
270 16 36 19 15 9
270 29 27 39 18 9
270 39 6 7 4 10
271 17 32 47 41 10
271 40 27 29 19 8
271 48 5 43 28 6
271 49 9 16 17 6
272 13 8 17 8 3
272 13 34 19 41 4
273 6 22 4 10 7
273 23 34 36 47 6
273 31 49 9 29 5
273 35 26 33 42 14
274 0 38 43 11 9
274 10 47 22 30 5
274 16 45 38 20 5
275 3 19 12 17 10
275 9 34 15 19 9
275 44 31 31 9 6
276 2 32 29 22 4
276 15 37 47 48 7
276 17 37 34 45 9
276 20 13 44 5 5
276 38 34 33 30 5
277 11 45 8 30 9
277 25 43 33 12 10
277 49 43 47 41 3
278 2 30 49 25 6
278 8 13 29 35 6
278 39 5 31 39 6
278 42 1 3 35 5
278 49 28 11 10 8
279 5 19 40 37 5
279 26 5 8 10 6
279 41 27 37 14 11
280 39 26 43 31 1
280 44 0 30 36 7
281 10 18 39 33 6
281 10 46 43 28 2
281 17 46 27 29 8
281 18 11 23 26 12
281 40 13 18 34 9
282 19 14 47 35 6
282 49 42 4 42 2
283 13 9 45 31 8
283 27 11 49 24 4
283 39 3 32 34 15
283 44 38 31 17 6
284 9 19 32 7 7
284 27 35 29 37 3
284 33 26 39 0 10
284 36 14 12 41 8
284 38 44 37 30 5
285 16 34 21 45 4
285 18 22 22 30 7
285 26 17 18 14 7
285 27 6 47 21 8
285 34 13 8 25 17
286 9 9 15 37 6
286 29 24 18 30 4
286 42 36 46 14 6
286 49 7 29 7 8
287 1 16 48 33 9
287 26 8 17 14 10
287 28 13 20 10 9
288 5 48 17 36 10
288 28 46 5 48 12
288 40 40 28 39 3
288 44 18 4 49 4
288 46 8 19 17 5
289 0 22 24 18 2
289 4 11 19 4 4
289 15 49 42 47 7
289 24 14 33 7 15
289 37 44 32 38 4
290 2 13 15 0 7
290 46 1 30 0 7
290 49 46 10 8 10
291 21 0 0 31 6
291 28 16 4 29 8
291 39 48 16 31 9
292 4 7 34 10 4
292 49 47 45 45 5
292 49 48 20 28 9
293 22 11 39 34 8
293 24 32 26 15 5
293 28 33 30 16 9
294 14 11 7 6 10
294 20 9 46 22 6
294 36 35 17 39 8
294 39 24 30 19 8
295 4 12 2 33 6
295 5 35 4 11 9
295 29 5 19 18 11
296 4 1 43 38 4
296 5 39 4 21 8
296 7 30 24 17 4
296 14 33 45 20 9
296 18 45 30 42 8
297 10 16 36 18 3
297 24 32 24 35 2
297 47 10 48 1 7
298 7 12 18 29 2
298 21 32 4 1 3
298 26 21 18 2 5
298 29 37 48 2 6
298 34 17 48 1 14
299 0 32 30 45 3
299 24 31 18 1 5
299 46 43 43 13 5
300 7 49 35 46 3
300 20 22 20 34 11
300 30 4 0 31 6
300 38 12 17 9 5
301 10 42 14 0 8
301 12 11 24 47 6
301 13 28 48 22 8
301 18 12 43 16 8
301 20 33 8 19 5
302 12 4 31 11 5
302 15 11 5 10 6
302 28 6 3 47 3
302 30 41 20 31 13
302 43 17 23 12 12
303 0 34 44 20 7
303 14 20 36 19 3
303 26 4 40 3 11
304 21 11 20 22 6
304 21 12 27 47 4
304 24 36 28 39 2
304 24 44 7 20 7
304 31 8 42 30 12
304 31 42 11 41 6
304 33 28 10 4 6
304 44 7 27 44 3
305 19 12 42 2 8
305 44 22 10 3 7
305 47 22 0 35 5
306 0 48 25 31 3
306 19 14 17 27 11
306 22 1 5 32 9
306 48 9 19 20 7
307 12 49 45 45 7
307 25 43 18 41 7
308 17 0 49 42 3
308 29 35 35 4 6
308 31 5 46 36 7
308 32 35 14 39 3
308 34 38 21 30 2
308 49 35 21 41 2
308 49 47 22 5 6
309 26 11 16 3 10
309 26 32 39 12 8
309 30 13 21 31 6
309 37 46 29 12 6
309 43 0 43 23 6
309 49 45 3 20 4
310 43 40 4 7 9
311 2 46 30 16 10
311 25 21 32 4 8
311 28 19 36 30 11
311 33 15 48 46 10
311 43 44 14 22 7
312 0 30 30 47 7
312 8 14 12 25 9
312 10 22 4 11 7
312 19 20 28 26 3
312 35 6 35 29 6
313 0 10 6 13 7
313 11 4 2 33 8
313 18 38 32 24 5
313 40 0 27 38 3
314 16 39 47 0 11
314 38 14 14 25 7
315 14 37 39 6 8
315 15 18 37 24 9
315 15 29 17 44 8
315 17 35 20 29 8
315 49 26 40 3 8
316 32 29 0 27 9
316 33 34 15 25 11
316 41 40 36 35 5
316 42 27 28 16 3
317 10 35 46 4 9
317 18 31 30 12 4
317 20 13 17 24 7
317 31 11 17 18 7
318 3 25 33 27 11
319 6 33 40 3 7
319 30 10 24 37 8
320 13 24 35 10 13
320 15 15 9 49 8
320 34 36 21 23 10
320 39 42 5 17 9
320 48 28 40 18 9
321 8 33 10 29 5
321 8 44 16 29 7
321 13 32 36 2 11
321 16 41 36 3 4
321 25 12 2 2 6
321 35 2 26 25 7
321 36 20 47 10 3
321 39 13 46 40 6
322 11 37 36 33 6
322 14 42 17 16 6
322 17 34 33 7 6
322 18 0 8 17 3
323 6 9 32 48 5
323 29 42 4 25 8
323 41 25 9 26 8
324 23 34 46 7 13
324 27 9 33 43 6
324 40 31 24 33 10
325 11 40 1 0 3
325 23 35 40 37 12
325 28 21 30 20 2
326 4 0 24 6 2
326 5 8 13 13 6
326 20 41 37 0 1
326 26 16 31 38 7
326 41 17 21 22 7
326 43 39 44 32 7
327 0 27 0 37 4
327 15 25 37 43 11
327 39 32 41 13 7
327 40 34 15 49 11
327 45 6 41 10 7
328 26 30 26 23 6
329 2 13 25 23 5
329 8 29 7 18 8
329 33 5 42 16 2
329 44 21 6 5 6
330 10 33 5 11 6
330 13 0 32 48 9
330 40 12 42 26 7
330 49 33 35 31 2
331 21 40 32 40 10
331 28 34 47 34 8
331 30 26 39 3 6
332 0 49 24 42 4
332 29 18 42 43 5
332 40 16 42 10 7
333 10 9 14 33 4
333 19 27 21 32 6
333 37 35 32 14 10
333 41 23 39 0 3
333 49 0 34 6 9
334 0 42 49 44 5
334 28 40 31 39 3
334 49 10 16 20 4
335 18 0 10 46 5
335 19 48 29 43 6
335 21 0 36 30 10
335 23 20 41 4 4
335 44 4 3 3 11
335 47 46 14 45 6
336 17 22 39 41 7
336 36 4 44 28 6
336 36 26 22 38 3
337 0 32 39 25 3
337 6 44 14 21 7
337 22 49 36 3 10
337 45 14 28 39 10
339 2 27 27 25 8
339 29 8 21 46 6
339 40 32 33 19 11
340 8 0 26 33 6
340 22 1 26 4 6
340 47 30 34 23 6
341 0 29 32 34 2
341 15 15 6 41 4
342 12 16 47 4 9
342 21 38 0 4 6
342 33 49 19 17 8
342 35 27 40 7 3
342 37 8 6 45 15
342 46 38 31 37 5
343 9 14 30 27 6
343 12 8 5 4 6
343 12 22 6 45 9
343 23 32 22 26 2
343 35 18 29 0 7
343 37 14 29 45 9
343 39 6 30 46 6
343 46 17 42 12 5
344 21 22 44 23 9
344 25 20 39 32 9
344 32 15 21 23 11
344 41 11 39 25 4
344 43 33 32 25 8
345 4 36 31 28 8
345 18 18 16 10 1
345 41 20 22 30 5
346 29 6 4 23 5
346 34 35 22 23 12
347 0 7 40 47 7
347 1 37 12 25 4
347 7 44 2 22 9
347 23 18 11 4 8
347 23 37 20 23 6
347 24 25 29 4 8
347 33 43 21 47 11
347 49 42 28 3 5
348 38 0 47 36 1
348 43 37 0 41 8
349 3 7 32 48 8
349 14 37 16 11 7
349 15 31 4 32 4
349 18 2 12 5 7
349 18 23 27 22 6
349 25 31 19 14 3
349 27 35 15 39 7
350 14 18 0 39 5
350 33 28 2 43 8
350 41 4 17 26 8
350 43 31 45 44 7
350 49 41 19 46 1
351 8 17 25 36 9
351 18 10 47 9 3
351 38 32 31 22 8
351 49 42 4 41 9
352 0 2 7 39 3
352 25 46 23 49 4
352 27 28 4 32 4
352 30 4 15 8 4
352 35 39 6 7 6
352 43 9 48 31 7
353 1 29 13 15 8
353 10 4 36 18 11
353 36 9 8 34 4
353 41 10 19 10 4
354 14 22 44 0 2
354 36 4 11 12 8
355 12 31 2 23 10
355 19 46 15 34 6
355 22 24 33 49 5
356 2 12 1 9 3
356 21 43 13 45 8
356 22 25 39 35 1
356 28 4 40 48 9
356 30 44 22 44 2
356 37 28 13 20 9
357 42 5 26 9 5
357 49 10 17 42 8
358 27 41 24 30 8
358 40 5 2 30 6
359 33 49 47 37 3
359 37 2 9 23 4
359 41 12 32 44 1
359 48 5 29 17 6
360 10 18 30 25 6
360 31 16 5 6 5
361 9 22 40 22 10
361 39 1 1 9 8
361 40 43 29 29 3
361 43 20 2 31 9
361 43 25 6 29 5
362 6 9 19 40 8
362 8 27 9 49 10
362 12 15 23 9 16
362 15 18 20 47 5
362 34 28 12 23 8
362 45 19 10 1 7
363 30 31 48 6 10
363 38 14 41 48 12
363 39 40 22 10 6
363 49 0 41 38 2
364 7 5 34 3 7
364 18 37 45 8 9
364 24 49 45 2 6
364 27 20 7 48 2
364 41 40 37 3 3
365 10 0 1 36 7
365 22 25 48 21 12
365 37 0 43 22 6
366 21 9 40 3 6
366 22 39 21 26 5
366 23 49 23 34 4
366 35 27 34 34 4
367 24 25 5 27 8
367 26 20 29 3 7
367 27 0 48 33 2
367 49 43 47 20 2
368 8 1 22 27 6
368 12 13 2 22 8
368 18 47 33 37 2
368 27 26 20 35 1
368 34 37 15 31 10
368 46 7 43 37 3
369 0 14 4 5 8
369 5 48 25 19 8
369 13 45 18 13 9
369 17 49 8 26 10
369 18 23 42 27 4
369 26 28 14 18 5
369 34 49 8 49 5
370 29 36 43 7 4
370 36 36 7 14 4
370 37 20 12 42 13
371 14 49 47 16 5
372 0 40 1 40 0
372 15 12 35 3 3
372 17 14 5 27 5
372 18 20 16 7 10
372 27 5 41 40 3
372 43 44 40 41 3
373 17 19 36 23 7
373 29 30 30 45 5
373 38 39 9 13 12
374 22 34 11 4 5
375 10 14 24 37 4
375 25 25 7 41 6
375 26 49 10 4 7
375 27 32 31 29 6
376 1 0 2 15 9
376 38 3 9 48 2
377 0 27 33 1 7
377 3 24 16 31 3
377 4 25 12 25 5
377 4 33 2 14 4
377 35 38 32 31 9
377 48 33 34 24 6
378 4 47 45 43 4
378 10 36 12 35 2
378 24 37 15 26 6
378 29 26 44 36 9
378 39 20 29 11 8
379 3 10 12 40 9
379 13 25 21 27 7
379 28 47 17 34 3
379 31 8 35 27 6
379 42 35 9 36 8
380 5 46 30 5 10
380 9 44 14 1 7
380 34 13 36 7 7
381 1 41 1 29 1
381 24 28 29 0 11
381 44 8 48 16 8
382 0 4 32 26 12
382 8 33 37 13 1
382 10 19 25 19 8
382 26 9 44 12 3
382 33 33 4 21 4
382 49 30 22 8 7
383 2 41 6 0 8
383 5 41 4 20 8
383 49 17 14 12 8
384 5 29 15 0 1
384 14 20 46 6 1
384 30 2 15 28 7
384 30 49 17 47 7
385 0 47 5 18 7
385 21 39 17 48 7
385 37 41 26 28 9
385 45 0 27 11 10
385 46 4 19 10 6
386 8 39 36 2 1
386 24 5 4 15 7
386 26 34 7 18 10
386 49 24 30 40 9
387 2 44 38 38 9
387 3 19 3 41 7
387 48 37 26 1 8
388 4 23 1 3 5
388 7 19 25 16 7
388 31 49 3 13 4
388 33 27 32 19 8
389 9 49 13 19 3
389 16 27 10 41 7
389 18 22 41 14 8
389 37 46 2 6 7
390 0 4 11 28 6
390 4 47 18 25 9
390 21 46 4 16 4
390 34 2 32 36 5
390 42 22 34 48 2
391 27 3 35 46 2
391 38 18 16 22 9
392 0 25 28 36 7
392 2 18 16 9 4
392 4 7 49 3 3
392 9 17 48 31 12
392 48 2 12 2 4
393 4 21 10 41 9
393 13 24 32 37 2
393 21 31 37 33 8
393 27 45 48 13 8
393 28 15 45 8 5
393 38 38 42 33 3
394 1 29 12 3 3
394 15 27 5 22 4
394 44 22 28 12 9
395 12 29 7 41 6
395 22 45 44 21 9
396 12 31 33 36 4
396 15 10 15 49 4
396 22 38 28 6 5
397 0 32 21 0 8
397 9 36 40 28 10
397 12 29 29 35 11
397 17 46 9 6 5
397 36 0 40 10 5
397 46 32 3 15 8
398 11 5 35 44 7
398 39 49 45 6 4
399 0 35 35 28 3
399 4 27 13 36 6
399 16 9 31 45 12
399 21 11 27 22 6
399 29 35 47 3 8
399 47 19 37 44 5
399 49 5 22 41 9
400 16 45 28 33 5
400 45 37 48 33 6
401 4 20 7 6 0
401 9 17 8 10 6
401 15 24 25 42 3
401 32 10 22 16 7
402 24 17 13 7 4
402 26 8 4 48 7
402 27 34 21 42 9
402 30 23 14 2 9
402 38 45 34 39 5
402 39 37 35 28 8
402 48 12 40 6 13
402 48 36 16 35 6
402 49 10 7 37 8
403 30 22 12 27 6
403 36 27 1 11 4
403 40 7 38 28 12
404 31 24 17 30 10
404 33 4 6 44 11
404 33 23 49 21 5
404 41 47 49 32 11
405 3 30 20 35 3
405 3 38 24 12 5
406 14 11 20 1 8
406 23 15 32 37 8
407 10 45 18 39 7
407 39 9 11 24 2
407 44 21 47 4 13
408 16 0 31 33 1
409 1 11 47 15 7
409 8 39 17 45 4
409 10 24 47 20 9
409 11 6 21 46 7
409 13 10 19 33 7
409 15 42 46 33 4
409 32 34 11 13 11
410 0 2 19 7 2
410 9 8 7 2 6
410 13 38 16 13 6
412 3 23 28 48 5
412 5 44 12 10 9
412 9 23 6 15 7
412 9 31 9 35 3
412 13 0 9 5 7
412 32 37 1 38 2
413 7 13 27 34 12
413 15 5 8 2 6
413 17 10 27 8 5
413 25 31 7 15 13
413 28 42 11 10 12
413 34 43 24 11 5
413 40 10 1 14 8
414 11 19 30 11 9
414 14 9 38 43 11
414 24 17 31 40 8
414 27 18 35 48 4
415 12 14 47 28 9
415 15 38 10 13 5
415 36 44 3 30 8
415 38 9 29 20 8
415 46 3 42 28 4
416 2 1 23 29 7
416 2 15 22 31 6
416 12 23 11 29 6
416 27 35 28 19 3
416 32 33 24 37 8
416 39 36 1 40 4
417 11 3 6 20 10
417 13 0 11 11 7
417 15 14 33 37 9
417 23 7 21 16 2
417 23 32 5 6 8
417 29 32 47 19 8
417 33 17 32 19 2
417 37 29 41 16 13
417 41 9 35 17 6
418 10 45 31 7 4
418 23 40 42 34 9
418 32 33 48 43 6
419 5 40 39 27 10
419 29 5 4 29 8
420 8 1 44 1 6
420 15 27 49 46 7
420 20 26 36 19 8
420 22 40 2 13 5
420 45 31 12 23 14
420 49 17 45 30 5
421 10 4 11 43 6
421 12 49 47 8 7
421 26 4 48 6 6
421 32 9 46 42 8
421 34 8 41 22 7
422 0 15 28 19 15
422 11 13 49 49 7
422 16 47 26 48 10
423 13 42 2 36 10
423 14 36 2 44 4
423 48 4 9 15 2
423 49 35 48 35 0
424 7 10 10 1 7
424 10 5 1 12 5
424 24 20 41 29 6
424 25 6 31 25 11
424 48 4 30 43 4
424 49 28 4 33 4
425 19 42 33 29 6
425 24 0 47 32 7
426 6 33 42 32 10
426 21 6 27 34 3
426 24 12 38 31 7
426 25 4 34 34 9
426 37 48 9 25 4
426 40 33 27 4 11
426 49 24 12 7 8
427 17 31 39 48 9
427 31 32 3 1 7
427 38 24 15 17 10
427 40 3 6 36 5
429 37 45 21 19 1
430 31 16 48 13 5
430 45 17 22 20 9
431 0 8 20 25 7
431 16 26 15 20 6
431 25 18 13 12 6
431 32 23 36 9 9
431 47 10 12 15 7
432 6 4 33 10 5
432 29 42 23 0 9
432 33 27 22 44 7
432 38 20 30 21 8
432 43 33 19 39 6
432 45 8 30 39 7
432 49 34 13 43 6
432 49 35 27 35 2
433 0 36 44 28 3
433 6 10 32 13 7
433 7 8 14 44 10
433 25 12 0 10 1
433 32 16 25 40 5
433 32 37 28 9 5
433 46 43 41 34 3
434 11 10 43 27 6
434 23 18 17 2 6
435 3 20 6 42 6
436 5 15 28 13 7
436 12 9 18 44 8
436 13 16 5 49 6
436 47 9 19 4 9
437 4 45 18 20 3
437 14 6 15 18 4
437 19 37 22 35 4
438 24 33 25 35 2
438 31 39 29 45 7
439 0 38 5 5 3
439 16 9 16 41 6
439 45 32 28 20 8
440 1 33 34 11 4
440 23 39 7 4 4
441 5 49 20 45 3
441 11 8 1 8 2
442 0 4 41 14 4
442 25 49 24 36 2
442 40 42 24 24 8
442 49 16 44 39 9
443 0 30 10 26 9
443 7 1 20 18 5
443 27 44 34 6 11
443 30 13 1 36 8
443 37 44 34 46 4
443 43 18 26 48 5
444 25 20 46 36 4
444 29 37 41 45 4
444 40 38 2 45 6
444 43 13 49 22 6
444 47 2 43 2 3
445 25 33 30 22 5
445 26 27 45 30 8
445 27 33 48 0 4
445 31 44 21 32 9
445 40 9 39 10 1
446 25 34 49 46 8
446 26 49 9 38 10
447 6 10 10 36 14
447 7 18 36 8 10
447 11 16 13 11 6
447 19 46 16 38 3
447 32 19 10 12 4
447 49 32 1 15 7
448 3 12 23 11 7
448 36 29 8 47 12
448 39 27 11 48 4
449 0 13 44 49 3
449 1 45 32 40 8
449 5 9 27 28 9
449 11 7 34 24 11
449 30 42 47 34 9
449 32 34 24 34 7
449 42 24 47 26 4
450 13 15 9 45 5
450 22 43 9 35 6
450 31 31 33 1 10
450 41 39 14 39 7
450 43 14 37 22 7
451 4 37 44 10 3
451 14 38 1 4 8
451 21 6 49 23 13
451 27 6 29 34 2
452 19 0 19 37 5
452 24 15 8 38 11
452 26 39 18 8 10
452 29 23 2 18 5
453 0 9 37 38 6
453 36 11 39 27 4
453 36 14 17 9 21
453 49 46 40 23 3
454 16 15 17 3 11
454 28 30 2 22 7
454 34 28 3 26 6
455 1 43 24 2 6
455 9 11 38 12 5
455 16 40 32 14 9
455 24 40 39 7 4
455 45 30 35 12 13
455 49 46 22 29 7
456 0 9 1 15 2
456 16 4 16 44 7
456 20 14 38 2 9
457 24 49 15 0 9
458 0 34 38 4 10
458 20 40 11 17 7
458 29 36 8 38 10
458 33 2 15 35 14
458 37 16 31 28 8
459 13 25 9 41 11
459 18 42 4 5 4
459 36 48 22 11 4
459 37 45 10 38 4
459 45 4 5 10 9
460 0 36 31 40 8
460 15 25 40 22 5
460 27 14 12 17 14
460 27 27 41 38 11
460 27 44 0 22 5
460 45 25 30 8 8
461 7 30 7 5 16
461 36 36 47 35 7
462 1 15 17 10 2
462 9 11 0 26 7
462 12 2 30 12 9
462 20 46 14 43 8
462 25 19 44 21 7
462 37 38 45 29 13
462 42 39 33 15 3
462 46 13 22 6 10
462 46 28 11 2 6
463 7 45 22 31 6
463 14 45 12 35 11
463 24 15 34 28 8
463 44 49 22 21 6
464 1 3 42 10 8
464 14 25 20 22 6
464 28 10 30 44 7
464 43 29 44 30 1
464 44 30 12 0 2
465 7 5 39 21 2
465 13 33 42 8 7
465 15 22 15 18 3
466 5 36 35 24 1
466 7 14 19 4 7
466 45 29 10 1 5
467 12 14 3 30 5
467 19 47 39 33 9
467 41 29 42 6 4
467 44 49 15 39 6
468 17 30 7 41 7
468 18 40 2 49 9
468 40 32 17 1 9
468 40 34 4 15 9
469 6 34 35 31 6
469 19 0 26 46 6
470 33 35 23 12 10
471 41 34 43 17 10
471 47 38 15 41 5
472 0 37 30 0 2
472 19 7 9 16 6
472 34 19 13 46 6
472 49 46 9 31 0
473 18 5 33 5 5
473 24 25 49 6 2
473 25 40 15 40 9
474 12 38 24 10 5
474 14 16 25 22 4
474 16 15 49 3 6
474 18 26 40 4 6
474 36 28 30 29 6
475 11 46 7 21 4
475 12 32 0 39 8
475 33 17 29 22 7
476 2 21 1 19 2
476 9 38 28 24 1
476 28 1 36 13 6
476 31 6 13 39 12
477 16 34 33 16 15
478 38 7 22 17 5
479 0 24 41 5 3
479 5 5 30 43 5
479 5 23 48 0 11
479 8 8 26 10 5
479 39 3 35 3 3
479 45 17 6 23 8
479 49 20 41 12 4
479 49 31 10 41 11
480 0 43 29 22 4
480 25 49 23 42 3
481 3 18 3 20 1
481 14 33 5 12 9
481 29 1 9 38 13
481 29 38 45 3 7
481 39 3 30 0 8
482 9 42 10 30 2
482 27 32 47 40 6
482 37 11 10 25 8
483 12 20 42 33 3
483 12 40 24 35 10
483 23 26 43 9 4
483 29 25 20 38 7
483 35 29 20 40 5
483 48 23 11 32 7
484 8 49 22 33 6
484 13 46 26 48 5
484 26 7 15 12 9
484 42 18 49 31 7
484 44 34 23 41 5
485 3 37 33 1 12
485 8 49 18 22 2
485 19 41 37 12 5
485 20 20 19 2 10
485 41 43 25 47 6
485 49 1 27 5 2
486 24 29 2 2 7
486 30 36 41 39 5
486 31 33 31 9 11
486 33 9 26 37 7
486 37 1 46 43 5
487 7 33 47 25 8
487 12 38 40 17 7
487 19 3 21 7 5
487 45 6 11 28 5
488 10 17 16 14 4
488 28 47 27 8 12
488 40 20 32 21 8
489 0 32 33 5 5
489 15 32 23 5 9
489 22 8 34 11 8
490 17 7 49 32 2
490 20 9 4 1 6
490 32 4 48 34 6
490 32 35 1 19 10
491 6 15 16 33 8
491 7 6 20 14 5
491 27 9 3 31 9
491 40 18 29 32 11
491 41 29 17 1 6
492 2 20 18 17 9
492 5 16 42 20 7
492 8 16 2 3 6
492 15 37 28 0 4
492 18 40 5 27 4
492 36 8 34 0 9
493 3 6 42 0 6
493 30 21 0 49 2
493 33 26 37 41 7
493 38 12 30 49 9
493 39 33 6 28 7
494 2 6 8 23 3
494 5 43 2 9 13
494 21 19 8 7 3
494 26 23 38 48 6
494 48 49 4 13 5
495 0 27 36 32 7
495 7 45 44 19 10
495 29 49 22 4 10
495 46 19 27 19 5
496 30 0 44 28 1
496 30 28 29 38 8
497 23 10 37 29 1
497 33 9 37 38 10
497 35 17 26 38 9
497 39 5 12 10 10
498 20 12 0 12 6
498 42 42 12 38 4
498 49 27 47 33 6
499 6 19 38 34 7
499 19 17 21 46 12
499 26 5 4 46 6
499 35 2 12 43 3
499 46 12 33 27 8
500 9 0 46 39 4
500 10 4 1 20 6
500 10 28 27 14 4
500 16 5 27 8 12
500 31 15 16 23 13
501 12 4 18 12 7
501 15 0 1 24 0
501 22 1 7 18 9
501 24 35 19 8 7
501 31 5 46 32 5
502 26 41 12 7 4
502 33 8 4 25 10
502 49 6 2 7 4
502 49 8 46 35 2
503 17 33 26 10 5
504 14 39 11 6 5
504 29 49 16 34 5
504 36 6 24 23 8
504 37 17 47 14 5
504 47 33 4 8 3
504 47 41 16 3 2
505 13 23 49 0 8
506 9 46 0 0 4
506 24 31 30 41 5
506 41 4 9 19 1
507 5 17 33 21 5
507 15 7 37 39 9
507 25 43 49 30 6
507 37 26 22 32 14
507 40 40 29 2 4
507 42 5 14 12 7
508 2 5 25 40 8
508 26 49 0 26 3
509 19 13 43 2 6
509 23 19 21 13 7
510 0 15 10 27 5
510 4 20 14 8 7
510 7 31 4 40 6
510 23 39 31 2 5
510 32 20 11 36 5
510 34 42 2 14 12
510 37 1 44 19 6
511 5 2 4 35 7
511 18 38 48 48 9
512 15 29 27 23 6
512 30 7 36 11 9
513 12 9 0 14 6
513 14 40 31 13 4
513 29 2 36 15 3
513 34 16 34 42 17
513 44 38 18 12 13
513 48 0 38 9 6
514 12 28 8 47 5
514 46 31 41 38 10
515 26 35 32 41 8
515 49 18 1 33 8
515 49 38 46 39 3
516 12 26 44 45 8
516 35 13 4 11 9
517 0 11 48 41 9
517 4 25 9 27 5
517 13 36 24 11 9
517 41 41 22 27 8
518 11 41 26 10 9
518 27 12 13 20 5
518 28 40 42 46 7
518 31 23 18 3 13
518 32 1 18 21 5
519 1 17 28 24 10
519 46 2 38 2 7
520 16 37 9 29 10
520 18 3 3 44 8
520 38 21 35 36 5
520 49 36 13 28 4
521 8 26 15 0 9
521 16 12 36 20 7
521 29 41 39 25 3
522 14 40 30 19 9
522 21 38 24 41 5
522 31 9 15 16 7
522 35 46 41 8 10
522 49 30 1 23 10
523 3 1 30 38 7
523 13 7 39 42 10
523 27 9 21 8 5
523 34 46 33 15 7
523 36 28 37 4 4
523 38 11 29 24 4
523 40 24 30 27 12
524 1 39 5 22 7
524 17 14 15 10 5
525 4 27 44 37 5
525 14 0 12 17 9
525 15 22 44 40 3
525 29 18 45 23 12
525 44 27 7 21 6
526 5 8 38 39 5
526 18 4 14 15 4
526 39 31 27 45 4
526 48 5 45 34 5
527 34 9 26 33 11
527 35 46 12 22 7
527 42 39 41 33 2
527 43 20 27 27 9
528 10 9 3 22 9
528 23 15 30 19 9
528 26 49 49 25 9
528 29 1 19 3 10
528 30 6 21 25 20
528 46 0 38 13 5
529 4 28 42 14 8
529 7 15 16 44 5
529 41 24 26 8 10
530 7 22 47 5 8
530 17 36 14 45 11
530 38 36 21 36 7
530 45 42 1 18 4
531 0 46 40 17 3
531 9 3 22 39 8
532 0 17 33 5 3
532 8 39 9 18 8
532 10 14 27 2 9
532 24 8 22 11 4
532 37 32 25 47 6
532 47 30 40 31 6
533 8 34 25 10 7
533 10 7 8 30 3
533 22 20 20 30 8
533 40 41 40 45 3
533 48 37 45 33 6
534 4 30 45 19 8
534 10 22 10 13 6
534 15 14 16 9 4
534 48 46 14 46 2
535 5 32 14 33 7
535 8 49 18 21 7
535 12 25 16 39 6
536 1 18 21 18 5
536 14 13 2 24 6
536 27 37 20 12 10
536 31 24 17 30 4
536 37 14 1 43 3
536 38 31 38 47 11
537 4 4 0 25 9
537 30 38 19 23 8
537 30 41 31 18 3
537 32 5 5 49 6
537 34 4 34 19 6
537 37 0 43 12 6
538 0 0 35 41 0
538 5 3 24 24 9
538 19 13 19 31 7
538 45 30 12 47 9
539 3 42 11 29 5
539 16 18 13 48 6
539 38 21 42 0 9
539 39 7 28 35 6
539 48 16 13 38 9
540 7 33 14 16 7
540 11 21 34 13 9
540 33 30 6 35 6
540 40 0 39 23 5
540 49 3 6 16 4
541 47 37 36 47 3
542 2 11 46 31 6
542 17 1 0 26 9
542 20 28 25 39 3
542 27 22 22 48 12
543 16 5 43 15 5
543 21 39 6 33 3
543 36 15 38 37 4
543 41 27 1 9 8
544 0 30 15 29 11
544 8 15 2 41 9
544 15 3 37 11 4
544 28 8 48 14 15
544 31 7 14 49 8
545 10 21 26 17 6
545 22 25 1 11 8
545 27 18 3 24 10
546 21 10 30 24 2
546 40 42 28 29 6
546 41 23 12 2 4
547 8 21 16 33 13
547 41 31 16 6 6
548 3 26 19 14 18
548 16 25 49 13 6
548 20 15 36 19 8
548 28 16 49 28 5
548 28 36 8 8 7
549 14 10 48 42 8
549 18 3 34 28 0
550 0 26 27 36 8
550 11 0 48 5 6
550 33 17 34 11 6
550 34 46 24 25 6
550 40 45 48 45 1
550 43 38 21 44 6
551 14 28 17 41 12
551 17 17 8 28 6
551 22 30 4 3 2
551 31 17 21 47 1
551 36 19 4 32 2
551 42 40 2 14 4
552 19 48 40 28 10
552 22 30 22 10 8
552 23 42 2 3 9
552 40 5 20 1 9
553 1 30 42 19 6
553 5 29 41 33 5
553 10 16 22 16 5
553 28 10 7 10 5
553 29 29 42 12 7
555 5 35 47 47 8
555 12 35 44 40 10
555 45 44 1 33 6
556 4 12 16 4 4
556 13 38 9 24 8
556 21 49 33 17 6
556 41 41 8 22 7
557 8 32 20 3 10
557 18 34 0 49 5
557 32 16 3 32 2
557 47 13 32 7 11
558 38 49 43 14 4
558 44 24 28 26 10
558 49 43 13 6 4
559 0 32 45 13 5
559 16 45 48 31 2
559 17 40 16 49 6
559 17 44 18 13 6
559 22 30 0 28 7
559 41 23 39 22 2
559 48 47 18 7 4
561 4 39 4 43 3
561 18 12 5 29 2
561 21 40 30 46 6
561 35 12 18 32 2
561 43 0 3 18 3
562 20 6 4 40 9
562 20 20 39 15 7
562 20 22 14 1 7
562 22 19 6 18 7
562 23 16 13 34 10
562 39 11 13 43 8
563 1 24 42 34 2
563 18 26 29 24 8
563 20 23 26 10 2
564 5 32 27 48 6
564 23 7 0 13 9
564 26 23 35 6 5
564 28 40 6 24 5
564 35 38 12 20 4
565 9 18 5 14 7
565 31 38 21 24 14
565 35 13 27 43 5
565 41 18 39 39 5
566 15 27 26 22 10
566 23 48 5 31 1
566 38 1 33 4 7
567 29 26 2 31 9
567 34 18 38 17 4
567 42 41 42 28 5
568 46 15 44 9 5
569 0 22 40 41 5
569 5 18 35 32 9
569 12 11 8 2 7
569 17 35 29 9 4
569 41 16 19 5 8
569 42 36 35 42 6
570 2 23 22 7 5
570 3 40 42 19 3
570 10 48 1 38 8
570 19 12 14 35 5
570 20 13 40 16 5
570 48 16 31 47 2
571 0 11 15 31 2
571 5 23 11 37 8
571 12 36 48 21 11
571 15 0 3 47 5
571 21 47 16 48 5
571 24 21 29 15 7
571 24 24 34 16 3
572 1 42 43 12 7
572 22 46 36 31 3
572 28 8 25 18 5
572 32 32 43 46 6
573 2 19 30 37 7
573 17 45 10 13 8
573 25 25 27 10 5
574 19 2 29 19 2
574 21 11 2 40 13
575 2 40 48 40 4
575 4 13 3 37 9
575 9 41 46 28 7
575 44 32 0 0 9
575 45 12 13 33 14
575 46 8 0 29 5
576 7 27 25 49 8
576 31 37 42 13 8
576 34 47 34 33 5
576 44 14 1 39 7
577 4 22 21 16 6
577 34 25 43 15 11
577 36 18 24 19 1
577 38 11 14 43 8
577 38 35 23 19 6
577 49 26 10 10 9
578 7 27 15 1 7
578 20 40 47 8 5
578 37 1 27 27 7
578 42 29 41 33 2
578 45 14 37 9 6
578 49 2 15 8 6
579 0 44 3 1 5
579 17 2 34 25 6
579 37 23 10 26 10
580 0 8 16 1 10
580 2 11 23 23 10
580 2 33 42 2 10
580 16 7 33 21 11
580 17 45 18 10 7
581 2 49 9 39 4
581 39 9 21 29 9
582 4 30 23 42 3
582 18 34 15 11 2
582 38 17 1 2 11
582 43 32 33 23 3
583 0 24 31 33 5
583 5 39 18 16 7
583 31 8 42 21 7
583 45 30 31 46 4
583 46 23 43 48 8
584 7 1 21 15 4
584 31 13 37 9 4
585 1 26 15 10 13
585 15 48 35 13 1
585 22 37 49 16 11
585 42 40 30 42 7
586 0 4 32 43 6
586 13 2 26 15 5
586 24 0 23 32 7
586 25 24 13 24 4
587 7 24 3 30 5
587 16 29 1 24 8
587 22 49 11 21 8
587 33 45 29 43 5
587 46 14 27 20 7
588 27 21 47 1 5
589 6 12 45 47 9
589 15 16 35 42 8
589 20 18 15 8 7
589 30 19 36 20 6
589 31 6 45 25 12
589 39 12 49 43 9
589 42 7 34 35 7
589 42 40 41 2 2
590 2 35 43 15 4
590 12 37 36 44 3
590 21 13 34 40 3
591 0 7 1 16 6
591 0 23 39 14 10
591 14 40 44 17 5
591 18 6 26 22 2
591 22 41 44 14 8
592 28 18 6 39 6
592 49 45 37 45 11
593 0 32 13 10 3
593 4 8 30 17 11
593 16 12 31 21 10
594 4 25 21 45 3
594 40 11 42 8 4
594 42 10 49 17 6
594 44 19 8 2 8
594 48 15 40 16 5
595 5 12 5 36 6
595 24 47 11 14 10
595 40 32 28 25 5
595 41 30 23 1 6
596 9 39 17 38 4
596 29 38 46 23 13
597 9 44 16 18 6
597 10 8 38 14 5
597 10 29 11 9 7
597 28 23 20 22 6
597 28 37 48 41 8
597 48 47 1 0 5
598 10 25 42 20 6
598 24 9 45 31 5
598 33 30 1 27 8
599 12 0 45 39 7
599 20 3 22 28 7
599 40 45 18 1 6
600 0 42 39 0 14
600 16 10 47 29 7
600 17 4 3 48 11
600 25 46 1 13 9
600 33 25 21 25 8
601 8 44 44 26 8
601 17 11 36 13 2
601 26 25 15 39 8
601 32 48 18 2 4
602 0 34 22 41 10
602 44 24 39 38 5
603 12 16 44 41 7
603 21 43 23 8 14
603 39 42 30 49 6
603 44 46 42 9 9
604 4 49 31 32 7
604 20 11 41 43 10
604 29 23 25 11 6
604 30 49 48 11 5
606 9 28 34 34 3
606 14 14 39 34 9
606 19 18 33 3 6
606 39 15 21 24 4
607 0 35 35 14 16
607 22 26 26 41 6
607 40 8 7 0 3
607 44 49 48 1 2
608 15 10 13 13 4
608 28 33 39 28 7
608 35 23 9 25 3
608 35 34 25 13 6
608 47 20 21 6 5
609 18 34 33 38 7
609 28 37 5 9 12
609 29 49 48 35 7
609 33 23 0 8 4
609 45 22 41 11 4
610 2 5 13 46 5
610 3 12 35 6 6
610 10 13 39 35 10
610 38 18 27 11 8
610 49 28 24 40 9
611 22 12 42 32 7
611 40 9 10 36 7
611 43 0 18 7 9
612 0 34 25 22 7
612 16 11 43 31 2
612 23 20 0 23 13
612 28 18 37 42 6
612 33 18 15 16 6
612 46 42 37 43 4
613 3 5 6 8 5
613 21 19 28 43 4
613 25 18 16 44 5
613 37 32 47 10 6
613 42 0 32 46 8
613 48 26 47 17 4
613 49 40 8 8 5
614 19 33 46 32 7
614 23 8 35 34 8
614 32 17 46 7 8
615 5 13 0 19 8
615 30 44 6 47 5
615 45 16 46 49 4
615 46 11 4 34 4
616 4 23 48 3 5
616 7 5 16 35 8
616 22 48 25 32 5
616 26 14 9 2 4
616 35 48 3 29 9
617 31 46 23 12 12
617 46 46 27 15 7
618 14 44 44 47 1
618 38 38 41 30 2
619 0 34 28 40 5
619 11 17 20 7 11
619 17 12 10 15 9
620 10 22 38 9 3
620 13 18 33 30 8
620 38 24 5 37 8
620 42 14 32 30 9
621 32 36 39 29 10
621 33 12 27 23 4
622 29 45 14 21 7
622 38 8 1 35 6
622 44 7 44 45 8
623 1 24 1 4 4
623 26 20 17 39 11
623 38 11 32 29 5
623 40 14 23 0 4
623 41 0 1 25 4
623 44 27 16 34 7
624 4 35 34 15 7
624 12 28 8 2 7
624 24 29 33 31 9
624 35 16 35 37 6
624 43 17 1 22 4
624 44 17 0 37 5
625 35 9 48 30 10
625 41 29 5 43 1
626 34 43 39 27 3
627 3 0 8 33 3
627 19 39 4 32 6
627 32 42 40 14 5
628 10 36 46 20 10
628 26 7 29 23 7
628 30 9 14 12 17
628 31 36 22 29 4
628 36 38 9 13 10
629 4 11 23 49 5
629 34 1 38 9 3
629 45 36 46 19 5
630 11 0 3 12 6
630 20 7 9 27 2
630 22 31 36 32 5
631 32 13 43 20 7
631 37 36 34 19 6
631 38 8 39 0 8
631 39 46 28 24 11
631 41 2 39 35 11
632 11 11 41 37 3
632 45 30 49 20 5
633 6 0 4 45 5
633 36 33 42 3 12
634 20 46 29 45 8
634 27 6 0 44 16
634 49 34 6 47 2
635 11 16 22 22 4
636 24 32 18 42 4
636 42 34 45 36 4
637 0 16 35 49 3
637 5 7 3 14 8
637 5 14 47 27 9
637 24 10 1 40 7
637 30 5 9 15 7
637 31 27 33 44 5
637 33 26 5 11 7
637 41 42 33 39 8
637 42 44 47 5 8
637 49 7 28 30 5
638 18 2 3 30 7
639 25 21 33 37 3
639 26 41 32 4 5
639 43 49 31 26 3
640 19 45 38 34 4
640 23 24 38 20 6
640 23 43 37 14 4
640 44 24 1 46 3
640 45 48 49 39 4
641 5 12 40 6 5
641 19 7 21 30 7
642 0 20 37 0 3
642 2 7 23 22 5
642 3 46 32 17 4
642 4 8 24 6 3
642 25 24 21 14 7
642 36 32 13 27 0
642 47 0 45 15 2
643 0 7 47 23 7
643 3 44 27 40 4
643 5 29 43 45 4
643 34 33 21 21 6
643 38 4 1 34 7
643 38 29 39 16 9
644 5 0 41 16 7
644 7 16 12 0 9
644 13 3 46 44 7
644 23 43 3 43 9
644 27 7 4 37 9
644 32 36 0 33 5
644 36 26 25 27 5
644 43 30 40 15 5
644 44 15 49 31 8
645 33 15 22 8 3
645 41 26 45 1 7
645 45 40 29 37 3
645 48 19 1 13 8
646 11 15 38 8 6
646 38 40 7 2 7
646 40 0 11 15 2
646 44 0 10 13 6
647 3 1 43 34 6
647 24 17 29 28 6
647 32 49 39 8 4
648 13 25 31 43 6
648 19 0 35 34 10
648 30 35 38 45 7
648 37 33 37 12 4
648 44 38 46 9 7
649 5 25 1 18 10
649 17 35 39 8 6
649 23 42 16 10 5
649 31 23 2 41 6
649 44 38 6 9 4
649 45 14 2 24 6
649 45 35 1 46 9
649 45 40 37 11 4
650 10 36 40 10 5
650 12 46 16 41 1
650 14 38 33 12 7
650 15 38 12 38 2
650 46 42 5 2 5
651 25 44 40 23 7
651 31 15 41 18 7
651 34 25 21 7 6
651 36 13 2 40 6
652 18 18 22 19 4
652 18 21 26 13 8
653 7 14 45 26 7
653 25 24 17 30 5
654 6 29 7 49 11
654 7 33 4 14 6
654 21 34 37 5 10
654 30 28 48 32 7
654 30 48 32 43 6
656 16 26 1 2 8
656 18 39 35 35 4
656 42 36 23 8 13
656 43 19 26 36 11
656 43 38 48 21 7
656 48 15 4 35 7
657 24 19 25 13 6
657 26 5 6 27 3
657 33 34 3 12 6
657 47 16 4 12 9
658 9 3 40 43 6
658 31 16 1 0 12
659 0 40 4 19 12
659 9 40 44 0 10
659 25 12 35 36 7
660 9 49 5 49 3
660 49 5 44 39 5
661 24 30 38 40 7
661 38 14 39 48 10
662 5 21 12 12 5
662 5 30 41 6 12
662 18 16 30 38 8
662 37 34 22 38 8
663 23 28 0 28 7
663 28 23 26 37 7
663 29 42 6 22 4
663 31 39 12 41 7
663 35 17 6 16 8
663 42 19 0 28 6
664 6 44 31 11 4
664 22 12 25 2 5
664 39 30 8 49 6
664 40 14 32 41 6
665 3 48 4 7 9
666 2 16 35 49 9
666 7 39 6 34 5
666 31 29 0 4 4
666 33 9 6 47 8
666 44 0 26 5 7
667 5 12 30 47 7
668 0 17 23 35 2
668 4 31 47 36 7
668 10 0 11 30 2
669 6 29 11 22 4
669 11 12 11 44 3
669 17 28 6 10 6
669 20 16 6 8 6
669 29 7 32 9 4
669 39 8 46 32 1
670 0 38 21 34 5
670 22 28 48 26 8
670 49 5 48 18 3
671 20 49 38 14 4
671 36 18 8 9 6
671 45 22 14 42 8
672 13 16 18 16 4
672 24 11 11 20 4
672 32 41 7 49 6
672 37 39 19 2 13
672 37 40 23 2 6
672 46 16 28 8 4
673 0 11 21 40 7
673 9 49 36 31 5
673 30 49 24 1 5
673 42 4 43 21 5
673 49 17 19 1 5
674 3 18 39 42 7
674 4 49 29 11 4
674 16 7 46 28 3
674 46 29 11 2 6
675 21 9 5 39 3
675 41 0 36 35 5
676 0 10 1 49 4
676 7 43 46 27 10
676 14 14 24 40 6
676 32 17 22 17 1
676 34 8 24 7 6
676 44 3 22 25 3
677 5 29 12 30 6
677 21 37 43 15 8
677 44 10 38 16 4
678 0 39 31 13 7
678 0 40 7 27 1
678 6 49 43 31 10
678 35 26 43 12 11
678 39 17 27 1 3
679 0 28 4 29 4
679 5 12 33 36 11
679 28 13 5 18 6
679 29 46 4 0 16
679 35 5 0 47 9
679 41 40 25 40 7
679 49 31 14 24 2
680 20 4 18 12 9
680 43 4 42 42 9
681 9 39 37 1 7
681 49 23 41 43 6
682 4 24 31 40 5
682 25 0 16 4 10
682 27 39 41 37 3
682 34 3 36 6 4
682 45 30 40 21 4
683 0 32 5 36 8
683 31 29 32 21 8
683 38 49 38 5 3
684 16 38 10 10 8
684 41 39 32 42 4
684 43 5 26 47 9
684 45 21 9 13 5
685 4 0 38 41 6
685 11 6 19 49 8
685 45 21 28 45 5
686 13 19 4 30 14
686 48 32 4 12 3
687 3 43 10 24 5
687 4 6 5 47 4
687 39 15 42 22 6
687 39 44 3 29 14
688 2 37 49 23 4
688 9 23 28 11 5
688 18 14 46 48 7
688 33 38 29 23 4
689 0 0 30 13 1
689 7 6 14 41 4
689 7 23 35 3 7
689 10 33 5 4 5
689 49 39 47 48 9
690 1 13 42 4 6
690 7 28 13 23 10
690 18 34 29 45 3
690 28 9 1 19 8
691 0 30 7 7 9
691 9 26 2 34 3
691 24 36 16 32 2
691 29 7 1 34 7
691 41 34 30 1 3
692 1 25 3 46 8
692 7 15 46 28 2
692 30 36 4 12 2
693 6 14 14 21 9
693 21 14 16 33 7
693 43 41 26 37 6
694 0 36 32 17 6
694 30 42 40 42 5
694 34 3 3 41 5
694 49 24 5 31 3
695 18 37 17 20 10
695 41 27 38 5 6
696 0 4 39 41 6
696 0 4 41 18 9
696 1 33 10 46 10
696 8 45 17 11 5
696 20 3 11 31 11
696 24 12 0 17 5
696 35 7 42 13 4
696 45 13 36 45 4
697 7 13 35 14 5
697 10 44 30 9 8
697 13 44 20 25 10
698 0 26 11 36 5
699 5 5 17 29 6
699 7 1 34 43 3
699 27 0 40 39 5
699 33 17 2 6 5
699 37 38 42 25 15
699 42 4 12 10 5
700 39 23 22 12 4
700 47 49 33 40 1
701 6 37 21 7 6
701 10 44 29 10 7
701 28 43 47 43 10
701 35 10 34 12 2
701 36 9 47 16 7
701 49 31 18 38 6
702 41 27 34 6 12
702 41 42 21 36 5
703 4 49 44 37 3
703 10 15 36 1 8
703 15 20 12 19 3
703 43 45 44 12 8
704 16 30 1 0 3
704 20 36 11 29 6
704 27 35 37 28 9
704 34 41 41 49 9
706 5 30 35 34 9
706 9 37 12 31 7
706 18 4 41 44 4
706 40 38 16 20 8
706 40 43 28 32 3
706 44 32 39 19 9
707 8 24 5 32 2
707 12 22 13 34 4
708 10 49 4 16 9
708 22 25 19 43 1
708 29 25 31 32 4
708 30 46 1 8 4
708 40 37 19 3 7
709 19 0 21 2 3
709 31 11 5 15 4
710 12 34 43 6 6
710 49 24 7 30 6
711 8 8 4 36 6
711 9 7 40 2 4
711 16 0 43 21 8
711 24 2 35 7 8
711 33 32 44 16 5
711 34 41 11 6 6
711 48 17 29 3 7
712 10 23 32 12 6
712 20 7 15 16 10
712 29 49 12 6 3
712 37 9 47 39 5
712 41 14 3 2 3
713 0 27 45 49 7
713 17 25 7 29 7
713 26 12 35 36 11
713 26 43 24 38 6
713 39 8 1 15 4
713 47 31 46 5 4
714 9 3 30 14 7
714 13 20 30 28 4
714 39 11 44 28 6
714 47 0 15 42 3
715 0 20 32 45 2
715 10 33 24 35 6
715 25 0 35 35 7
715 26 11 36 7 10
715 36 49 1 28 1
715 48 20 25 42 5
716 22 7 10 17 7
716 29 16 19 42 13
717 21 47 30 7 4
717 28 39 24 3 9
717 33 10 32 47 10
718 0 49 48 36 6
718 6 44 45 24 10
718 18 37 44 41 4
718 19 0 40 17 5
718 20 29 24 38 8
718 35 43 41 36 6
718 47 42 20 18 2
719 6 26 0 46 10
719 9 37 22 3 12
719 16 32 41 10 6
719 38 21 26 1 10
720 0 25 7 13 8
720 32 45 18 42 5
720 39 0 9 0 5
721 11 26 31 17 7
721 14 15 5 8 7
721 15 30 9 37 3
721 31 0 11 4 16
722 11 8 10 39 7
722 37 0 1 45 12
723 3 39 6 9 10
723 20 41 36 19 8
723 33 29 14 39 9
724 18 40 14 44 5
724 31 29 22 35 11
725 3 10 41 20 6
725 12 46 43 4 3
725 14 47 34 16 11
725 17 12 19 43 9
725 37 20 45 23 4
725 45 44 44 35 9
725 48 14 43 41 7
725 49 27 45 18 5
726 0 49 24 0 5
726 8 30 19 39 5
726 31 6 38 5 6
726 36 34 15 22 10
727 2 20 3 31 5
727 3 0 1 14 2
727 6 17 8 9 8
727 22 48 48 33 5
727 36 4 16 42 5
728 32 33 30 44 11
728 43 33 27 29 5
728 49 28 31 48 7
729 21 29 12 21 7
729 33 43 27 29 8
730 4 4 46 15 8
730 6 28 4 17 2
730 11 18 9 16 2
730 18 12 38 47 9
730 24 34 17 23 1
730 32 32 32 37 4
730 45 45 47 16 4
731 6 10 6 41 7
731 46 10 15 45 7
732 31 18 15 0 2
732 48 40 33 10 8
733 16 38 35 13 9
733 17 47 37 12 10
733 27 28 2 30 6
733 34 14 38 34 9
733 40 6 19 43 6
734 13 19 0 0 7
734 19 33 26 47 12
734 32 0 17 13 5
734 39 35 24 1 5
734 40 26 32 6 11
735 3 11 8 1 10
735 33 5 38 17 8
735 34 14 37 41 5
735 39 0 29 15 8
735 42 19 44 39 8
736 0 15 37 5 2
736 3 34 46 43 5
736 10 42 38 5 9
736 26 40 45 49 8
736 38 21 4 5 6
736 39 21 7 43 13
737 4 43 15 0 4
737 48 24 1 2 10
738 16 14 38 25 4
738 36 45 12 5 7
739 0 18 42 13 6
739 1 0 30 3 6
739 3 33 1 5 7
739 12 9 8 7 5
739 13 21 49 38 5
739 14 0 41 23 6
740 0 9 27 43 12
740 0 49 35 17 3
740 3 31 15 28 2
740 29 12 38 19 4
740 35 18 43 32 10
741 20 35 11 17 2
741 44 34 45 15 8
742 4 17 24 35 1
742 8 11 5 0 3
742 14 26 31 24 6
742 19 0 25 35 8
742 24 1 16 46 7
742 25 0 32 29 10
742 34 39 24 20 4
742 44 33 10 48 3
743 38 4 14 26 2
743 38 46 20 19 7
744 1 32 36 10 6
744 18 42 18 9 15
744 34 38 25 22 8
744 35 22 40 3 10
744 38 8 8 18 7
745 5 5 34 8 6
745 28 46 36 15 6
745 30 44 20 10 8
745 49 41 20 16 5
746 11 25 0 11 5
746 24 14 3 43 10
747 3 11 28 31 6
747 5 40 35 20 7
747 10 11 45 10 7
747 35 43 38 36 6
748 10 29 31 41 9
748 21 38 9 9 4
748 21 39 24 27 5
748 30 30 18 39 13
748 41 6 1 44 6
749 30 30 23 37 11
749 31 30 10 22 9
750 3 1 16 43 6
750 11 5 13 35 4
750 27 0 2 24 3
750 31 49 19 41 8
750 39 19 21 24 4
750 43 31 43 1 9
750 44 25 33 26 5
751 9 42 43 35 9
751 28 49 21 25 10
751 47 38 18 25 8
751 49 12 0 19 10
752 3 12 8 29 6
752 26 42 32 30 7
752 38 23 33 26 7
752 41 49 40 13 4
753 6 2 25 37 9
753 26 6 13 2 7
753 49 31 3 10 8
754 1 28 20 14 8
754 18 5 3 44 9
754 23 0 11 39 4
755 10 11 38 47 10
755 29 6 3 28 4
755 34 16 24 16 9
755 48 49 2 22 3
755 49 28 8 0 10
756 4 1 17 25 7
756 33 18 2 39 7
756 36 16 42 26 12
757 9 1 34 10 6
757 21 38 45 28 9
757 40 46 31 0 10
758 13 8 31 10 10
758 31 1 16 0 4
758 39 27 47 22 3
759 13 17 9 19 5
759 36 40 49 26 11
760 1 6 29 28 2
760 12 40 7 7 6
760 49 28 42 27 7
761 30 14 30 23 8
762 19 42 9 30 3
762 28 25 5 46 8
762 35 27 6 40 9
762 40 11 5 35 13
763 14 42 9 38 7
763 25 15 22 14 3
763 35 27 14 36 3
763 38 39 42 23 7
764 10 15 34 37 3
764 32 9 48 42 10
764 34 28 9 44 4
765 34 12 47 48 4
766 19 0 34 12 6
767 8 4 12 2 5
767 14 21 48 31 5
767 19 40 36 45 5
767 24 15 27 41 1
767 26 28 20 14 4
767 34 33 28 47 8
767 41 27 26 6 8
767 47 16 15 0 6
767 49 24 13 1 4
768 0 6 22 0 5
768 19 2 23 1 4
768 35 45 48 11 9
768 38 31 48 12 10
768 45 9 10 41 7
769 9 2 14 35 8
769 31 33 22 21 5
770 0 44 5 8 3
770 10 22 45 45 7
770 12 2 28 34 6
770 13 32 2 9 3
770 17 23 14 27 5
770 21 45 19 18 6
770 25 31 44 20 5
770 49 36 25 28 7
771 14 5 44 24 8
771 29 33 21 23 9
771 33 4 2 33 6
771 33 39 43 7 6
771 41 48 19 3 14
772 7 48 28 25 4
772 9 13 33 12 7
772 17 7 29 6 8
772 19 49 42 23 10
772 40 10 26 41 12
772 42 6 15 19 9
773 16 25 34 0 5
773 22 35 18 3 4
773 40 8 36 10 5
773 47 12 16 20 7
774 11 34 26 22 9
774 35 14 25 32 3
774 38 5 21 33 0
774 40 22 20 8 3
774 49 14 10 5 8
775 11 36 12 15 6
775 13 17 15 37 15
775 23 17 44 27 6
775 45 34 12 22 3
776 8 43 1 11 1
777 16 7 10 13 7
777 27 40 3 43 5
777 39 30 31 44 6
779 11 3 22 36 4
779 23 31 44 44 6
780 9 31 6 8 14
780 14 13 41 7 10
780 18 13 23 3 7
780 21 16 19 32 5
781 10 26 45 10 5
781 12 7 30 30 2
781 22 14 40 41 3
781 34 14 44 2 5
782 1 0 24 12 4
782 4 28 4 19 1
782 18 4 44 5 9
782 22 29 32 32 8
782 31 10 11 3 0
782 33 28 48 25 8
782 36 11 1 11 1
782 38 10 42 14 5
782 47 27 34 14 11
783 6 24 42 47 4
783 33 8 35 15 6
783 48 24 30 9 9
784 17 48 10 30 4
784 18 33 39 42 8
784 31 45 45 42 6
784 38 13 15 16 6
784 45 0 49 0 3
784 46 27 24 8 4
785 32 39 3 31 9
786 0 40 5 1 8
786 13 26 41 24 5
786 24 19 32 22 10
786 27 20 14 23 7
787 16 47 24 19 5
787 30 16 43 20 10
787 34 31 25 32 8
788 4 24 29 6 5
789 0 49 6 2 9
789 3 39 20 25 4
789 24 42 1 49 7
789 36 7 47 47 10
789 45 17 29 1 8
790 9 39 24 6 8
790 10 39 9 4 1
790 20 1 39 36 10
790 24 32 23 39 6
790 38 10 29 49 6
790 48 3 15 4 4
791 4 5 44 21 6
791 34 42 33 26 7
791 46 13 45 19 5
792 0 20 15 30 2
792 1 48 12 13 6
792 10 33 16 41 13
792 12 16 10 41 2
792 19 18 49 15 0
792 46 48 31 25 5
793 18 0 6 17 9
793 26 26 28 35 6
793 45 16 5 18 5
794 0 49 28 11 11
794 8 9 11 18 8
794 24 49 45 18 7
795 0 5 7 21 6
795 19 22 41 30 4
795 24 3 37 13 9
795 26 39 27 36 3
795 43 27 41 16 2
796 9 0 26 44 6
796 18 33 43 3 2
796 26 0 8 9 5
798 7 25 6 45 8
798 25 28 28 23 0
798 33 12 16 23 5
798 41 4 36 4 4
799 0 43 4 43 3
799 2 9 44 40 6
799 3 39 2 48 4
799 14 17 15 27 4
799 19 12 2 40 8
799 33 27 9 30 7
799 49 22 45 41 12
799 49 27 13 1 6
799 49 35 22 42 6
800 5 6 19 17 5
800 8 4 8 47 10
800 10 0 34 26 9
800 13 24 20 21 6
800 14 2 49 45 5
800 17 33 46 41 4
800 30 12 27 40 3
800 47 13 21 10 5
800 49 46 32 46 5
801 1 8 49 29 6
801 3 6 43 17 7
801 19 30 13 9 13
801 21 15 40 30 6
802 7 14 46 20 8
802 20 19 13 5 6
802 37 26 21 23 5
803 9 33 2 32 4
803 22 46 43 28 9
803 28 10 22 1 7
803 28 29 19 45 6
803 32 27 45 2 5
803 33 33 6 4 8
803 33 49 9 40 8
803 39 41 39 10 9
803 43 20 33 13 10
803 44 24 11 21 7
803 45 0 18 25 4
803 47 28 12 22 10
803 48 37 16 1 8
804 5 2 12 19 8
804 12 2 7 38 13
804 12 16 13 41 5
804 25 31 43 29 10
804 27 35 35 5 9
804 27 49 47 0 9
804 34 0 27 38 0
804 44 3 40 28 7
805 30 28 28 38 5
805 33 28 24 39 13
805 41 10 27 36 8
806 2 37 46 8 5
806 20 44 21 0 7
806 40 23 11 23 7
806 43 42 25 8 4
807 10 30 13 24 8
807 16 22 27 20 4
807 37 9 42 40 6
807 43 49 34 18 6
808 5 41 16 6 3
808 25 24 17 11 6
808 27 31 45 3 9
808 31 39 6 25 8
808 33 7 46 2 5
809 0 47 15 22 4
809 29 4 10 30 10
809 49 16 20 30 1
810 39 14 2 3 9
811 5 16 0 19 7
811 24 0 9 43 7
812 6 38 22 22 11
812 6 46 36 21 21
812 18 32 30 35 7
812 25 7 15 22 5
812 31 25 20 5 1
812 40 42 8 23 3
813 4 38 32 40 7
813 35 17 29 40 7
813 44 26 8 36 7
814 8 20 44 22 5
814 40 23 22 41 2
814 46 8 10 18 6
815 13 5 44 19 10
815 14 0 14 1 0
815 22 0 8 10 6
815 24 23 41 2 6
815 26 3 41 24 6
815 30 40 40 1 6
816 0 31 47 22 3
816 5 0 13 10 3
816 7 1 17 4 6
816 19 18 30 21 9
818 0 49 47 34 2
818 11 6 23 43 4
818 21 28 27 48 6
818 28 24 21 1 6
819 7 7 25 38 8
819 16 21 1 16 7
820 0 37 31 49 7
820 15 24 33 32 2
821 17 24 41 3 7
821 18 5 7 47 9
821 32 43 16 48 9
821 47 36 5 23 7
822 9 48 12 27 6
822 18 6 16 31 9
822 19 6 17 4 3
822 45 44 30 34 5
823 11 9 33 9 5
823 18 38 35 10 11
823 32 49 1 6 5
823 42 42 13 8 5
823 46 19 21 1 8
823 48 0 20 48 6
824 32 49 18 29 5
824 43 26 38 1 5
825 35 17 0 14 7
825 45 30 45 28 1
825 46 5 0 35 5
826 8 24 0 24 4
826 45 37 0 18 12
827 9 12 18 9 7
827 9 36 10 4 6
827 9 36 20 25 9
827 21 49 23 38 6
827 25 34 43 4 8
827 38 1 39 16 8
828 3 21 13 47 6
828 10 24 6 9 14
828 13 28 34 23 7
828 21 34 47 21 9
829 14 0 29 2 8
829 16 7 19 42 5
829 35 26 10 39 10
829 42 38 43 35 3
829 44 6 24 3 7
829 47 33 44 46 9
830 14 16 3 3 12
830 22 48 23 5 10
830 24 8 18 33 7
830 34 14 41 11 9
831 0 21 6 3 4
831 37 21 38 29 8
832 8 38 24 37 3
832 11 6 37 21 10
832 17 29 16 36 7
832 47 13 4 40 10
833 6 42 33 24 7
833 10 27 32 47 15
833 16 25 20 39 9
833 26 35 14 8 10
833 44 22 32 16 6
834 7 49 3 3 3
834 15 17 45 46 7
834 19 36 40 33 10
835 0 22 14 46 3
835 18 10 25 0 6
835 40 36 5 20 7
835 44 33 31 30 7
836 7 27 7 2 5
836 7 27 28 22 14
836 23 33 34 29 7
836 33 38 27 37 6
836 35 22 5 22 7
836 47 40 10 30 9
837 19 19 39 33 6
837 20 4 25 17 6
837 46 25 18 0 6
837 47 28 38 0 6
838 11 0 21 29 10
838 14 28 4 30 7
838 20 42 45 35 7
838 27 45 10 40 12
839 0 19 5 40 6
839 9 26 44 22 5
839 11 31 35 31 2
839 18 0 11 23 4
839 24 9 33 23 7
839 47 0 4 41 5
840 28 5 26 23 6
840 40 28 48 29 8
840 45 36 27 3 6
841 3 32 27 16 12
841 10 3 2 43 9
841 10 6 23 30 12
841 47 15 26 8 6
842 26 45 4 3 4
842 38 4 43 16 13
843 10 7 1 15 8
843 14 49 47 7 3
843 20 32 10 47 5
844 8 0 38 29 8
844 29 29 31 47 10
845 23 13 18 19 9
845 31 4 28 0 4
845 39 24 2 32 8
845 49 3 37 31 5
846 11 48 46 12 8
846 21 41 6 30 10
846 46 0 45 32 10
847 0 3 20 1 3
847 16 32 38 13 10
847 26 33 19 6 6
847 31 39 41 33 6
847 49 13 27 12 9
847 49 23 15 1 3
848 4 2 29 6 2
848 10 18 45 15 2
848 29 21 18 26 8
848 35 21 33 2 10
848 43 0 45 41 6
848 43 30 6 29 6
849 15 32 10 6 7
849 25 8 29 39 12
849 38 8 30 46 8
849 47 41 38 0 6
849 49 43 49 23 9
850 25 0 48 38 11
850 28 29 10 29 4
851 0 10 1 10 0
851 2 3 1 26 6
851 25 36 42 48 2
851 30 21 47 9 8
851 42 14 39 38 7
851 44 0 44 24 5
851 46 14 47 33 12
852 29 0 19 19 2
852 38 16 17 37 7
852 47 39 6 25 5
853 20 0 31 9 7
853 20 3 20 1 1
853 26 49 29 36 5
853 27 35 33 39 7
854 14 32 25 14 5
854 19 41 25 44 6
854 37 33 12 12 6
855 9 43 31 34 9
856 32 22 36 46 3
856 36 6 0 34 6
857 1 13 13 2 3
857 3 49 19 41 10
857 12 19 44 28 5
857 32 17 15 31 9
857 35 31 13 36 9
857 42 28 48 39 7
858 0 39 2 7 10
858 7 28 47 40 8
858 14 3 19 46 8
858 24 29 17 22 8
858 30 14 14 34 8
859 3 29 41 30 4
859 13 5 32 36 5
859 19 2 45 39 6
859 21 19 1 13 10
859 43 37 30 37 4
859 49 24 16 45 6
860 15 41 8 47 12
860 34 47 14 47 6
860 36 25 5 21 6
860 42 3 19 3 5
861 8 0 31 45 10
861 33 28 47 48 4
862 11 46 44 38 3
862 12 40 16 16 2
862 22 38 6 8 8
862 27 6 6 3 9
862 44 29 29 44 10
863 48 15 23 42 9
864 7 34 2 45 9
864 15 39 7 13 6
864 24 4 48 43 7
865 3 13 45 10 5
865 14 24 8 44 9
865 25 25 2 38 11
866 13 4 16 18 7
866 18 48 14 9 3
866 21 30 1 33 2
866 26 5 0 20 7
866 43 34 26 2 5
867 0 7 47 22 2
867 0 21 38 11 3
867 4 27 19 42 8
867 45 49 10 0 5
867 49 18 21 16 8
868 12 46 21 7 3
868 14 33 0 30 7
868 29 40 12 49 4
868 32 41 38 25 6
868 37 3 40 37 4
869 14 0 14 3 2
869 24 0 36 7 7
869 49 26 48 38 9
870 4 16 19 23 6
870 16 17 26 47 5
870 28 39 4 13 11
870 44 41 49 16 10
871 3 43 48 9 1
871 21 25 19 41 6
871 21 27 29 3 12
871 49 36 19 12 6
872 16 4 16 19 5
872 23 14 41 4 12
872 31 47 0 19 3
872 32 5 41 10 4
872 36 47 5 24 3
872 40 47 35 2 7
873 9 45 36 16 10
873 21 6 44 19 4
873 29 6 12 24 6
873 33 32 16 3 8
873 38 34 24 31 8
873 46 11 2 15 5
874 8 27 48 43 10
874 14 10 42 35 10
874 26 11 28 19 2
875 10 37 21 12 6
875 13 6 9 6 3
875 23 41 38 19 4
875 27 11 49 7 7
875 31 7 36 10 5
875 49 13 23 19 6
875 49 41 2 6 3
876 0 30 22 16 8
876 9 32 17 22 5
876 43 44 11 25 7
877 0 36 21 29 2
877 40 29 2 45 4
877 45 22 41 25 3
878 12 20 29 13 6
878 44 27 3 16 7
878 49 28 43 42 5
879 11 29 0 22 9
879 29 44 41 6 5
879 34 15 16 2 7
880 1 4 23 26 9
880 14 0 9 34 9
880 15 43 8 30 6
880 41 26 9 39 6
881 11 0 45 46 7
881 37 15 14 48 6
882 1 4 24 10 4
882 1 37 4 39 4
882 4 44 27 4 7
882 8 11 33 35 12
882 14 18 41 17 4
882 40 0 21 7 3
883 0 9 22 3 5
883 4 35 17 44 6
883 4 42 42 19 5
883 27 49 4 49 6
883 32 36 27 24 6
883 39 9 44 30 13
883 40 20 14 34 8
884 41 27 15 34 5
885 0 46 21 1 12
885 30 47 34 43 4
885 44 37 19 34 5
886 6 7 36 27 6
886 12 39 19 14 7
886 14 19 3 38 13
886 17 14 38 12 6
886 23 36 10 13 9
886 37 6 14 38 9
886 40 43 48 15 14
886 44 8 35 21 10
887 18 45 11 39 3
887 31 36 26 1 1
887 49 34 13 45 5
887 49 49 23 30 3
888 2 35 38 29 7
888 9 23 47 26 6
888 12 3 16 47 6
889 17 15 34 44 6
889 28 35 42 21 8
889 33 24 21 35 13
889 37 25 29 46 5
890 0 18 40 30 2
890 11 27 13 46 7
890 11 35 23 41 9
890 15 45 16 25 9
890 49 2 37 9 9
891 8 39 1 1 7
891 49 7 48 22 7
892 12 45 10 16 9
892 15 41 21 42 6
892 32 47 19 20 6
892 49 16 3 3 3
893 40 22 7 15 7
893 44 1 26 20 7
894 24 49 0 14 10
894 28 8 25 27 10
895 0 22 18 11 7
895 8 17 25 4 5
895 18 45 6 1 11
895 20 39 37 5 5
895 24 25 25 9 6
895 30 0 33 37 10
895 47 8 11 42 4
896 11 40 3 22 3
896 44 44 23 23 3
897 7 24 20 45 5
897 16 6 47 27 5
897 16 27 39 29 8
897 40 38 43 17 6
898 7 40 18 11 9
899 0 32 39 35 2
899 24 17 23 20 3
900 0 19 6 7 6
900 21 6 42 26 12
900 35 41 38 4 14
900 41 10 24 30 4
900 44 19 16 5 9
900 49 39 36 1 5
901 3 5 37 4 10
901 18 30 24 43 6
901 21 43 26 12 6
901 22 9 11 44 3
901 26 11 38 2 5
901 40 24 17 25 8
901 41 22 9 38 11
901 49 22 39 48 2
902 6 48 42 22 5
902 16 44 44 11 10
902 17 9 33 21 8
902 24 14 35 34 7
903 5 22 11 6 2
903 47 44 28 6 4
904 36 9 10 13 4
905 3 18 23 6 5
905 28 8 1 10 6
906 11 26 46 46 7
906 20 11 21 25 7
906 20 38 3 0 11
906 25 12 6 8 8
907 40 7 21 27 11
907 49 22 40 14 4
908 27 48 28 36 4
908 34 14 24 35 9
908 36 44 20 41 8
908 39 29 8 31 6
909 1 45 16 48 1
909 28 25 24 15 10
909 43 4 42 5 1
910 2 8 25 5 9
910 4 35 8 13 15
910 15 49 49 25 5
910 21 38 11 5 5
911 18 1 6 31 9
911 35 36 4 23 5
911 43 13 41 9 5
912 11 25 32 43 5
912 13 44 2 3 10
912 14 36 21 13 7
912 23 34 16 28 6
912 27 5 24 34 6
912 47 26 36 31 12
913 0 43 48 8 13
913 9 0 39 2 3
913 26 9 3 27 8
913 27 5 26 35 5
913 45 36 18 32 4
914 0 20 20 11 7
914 16 49 7 30 8
914 19 16 13 25 2
914 20 6 18 40 7
914 49 47 8 37 5
916 1 3 32 5 11
916 10 32 27 20 6
916 13 15 12 44 9
916 14 27 24 46 4
916 33 18 0 14 5
917 20 43 22 26 4
917 37 11 10 26 6
918 2 19 19 4 5
918 13 11 49 28 10
918 19 49 4 0 8
918 23 26 23 3 3
918 26 32 10 19 11
918 28 23 22 28 7
918 41 30 39 26 2
919 14 16 39 16 4
919 20 27 28 43 12
919 35 5 48 10 6
920 2 2 35 3 7
920 9 5 23 42 4
920 17 40 20 30 6
920 37 27 48 30 1
920 38 20 40 43 6
920 49 24 29 21 11
921 17 36 25 44 8
921 44 22 8 14 6
921 48 10 36 31 3
922 13 49 38 26 4
922 24 19 23 36 4
922 24 48 11 7 8
922 34 32 44 45 8
922 35 30 49 29 4
922 36 41 20 48 6
922 42 8 9 40 6
923 2 0 49 19 10
923 13 9 31 6 13
923 23 25 32 36 10
923 44 8 19 41 5
924 14 49 9 12 6
924 17 44 49 45 6
924 26 11 29 35 6
925 13 26 27 46 1
925 35 40 12 42 9
925 36 21 20 35 8
925 38 49 38 34 3
926 0 3 14 25 6
926 10 16 4 21 6
926 16 0 18 48 7
926 19 1 19 26 9
926 23 24 9 25 4
926 32 0 3 27 15
926 40 47 10 13 6
927 2 14 24 44 2
927 32 9 5 19 9
927 42 25 48 49 12
928 19 4 39 20 10
928 19 12 48 7 4
928 19 22 5 3 5
928 32 33 41 41 6
929 4 8 11 41 11
930 0 7 33 9 6
930 4 35 32 43 15
930 11 6 5 5 6
930 21 23 37 39 13
930 24 29 4 25 5
930 30 16 19 28 9
930 31 5 1 9 5
931 15 42 14 10 6
931 23 28 29 1 3
932 34 44 45 36 4
932 35 8 13 8 10
932 36 36 16 47 3
932 43 23 46 35 9
933 22 31 43 16 3
933 23 12 9 36 4
933 27 12 34 20 5
933 28 2 26 24 8
933 46 29 10 48 3
933 49 33 20 9 7
934 2 11 17 24 22
934 39 6 26 5 11
935 24 6 3 47 5
936 5 26 7 5 5
936 6 40 46 31 12
936 10 23 12 18 6
936 16 37 12 28 7
936 20 41 17 6 12
936 22 31 15 22 3
936 25 30 45 34 5
936 26 35 40 40 6
936 40 32 6 34 5
937 1 20 4 3 4
937 10 27 23 8 7
937 11 26 18 45 11
937 11 39 3 8 6
937 17 7 44 26 7
937 26 31 12 12 7
938 10 8 26 45 4
938 29 22 16 16 5
938 29 24 24 37 3
938 40 0 12 10 3
938 49 15 8 25 8
939 24 29 17 36 5
939 31 2 4 34 7
939 40 9 14 15 7
939 41 35 17 32 12
940 6 41 3 40 3
940 15 3 3 24 6
940 19 38 41 40 8
941 13 23 1 34 7
941 15 35 4 46 9
941 25 48 5 42 4
941 39 41 1 31 5
941 40 37 20 46 6
942 22 45 45 49 5
942 32 3 30 27 4
942 32 35 19 26 3
942 45 30 7 48 6
943 13 25 14 36 4
943 26 47 2 39 10
943 36 13 19 21 6
944 13 19 48 3 3
944 29 42 30 49 7
944 31 7 44 41 9
944 46 20 22 10 6
944 49 42 37 0 7
945 6 21 48 34 11
945 36 4 39 10 7
945 48 21 4 30 5
945 48 39 30 2 8
946 2 13 29 9 4
946 5 30 33 27 7
947 8 16 26 31 3
948 6 1 22 7 7
948 16 27 41 19 6
948 18 25 46 33 6
948 44 49 18 47 6
949 0 45 1 35 10
949 1 0 17 9 4
949 11 46 30 28 6
949 17 22 33 40 6
949 37 34 27 7 8
949 39 15 35 8 10
949 41 45 25 8 6
949 49 42 19 40 4
950 19 22 48 31 9
950 31 20 42 26 9
950 49 33 3 13 6
951 24 46 18 4 6
952 13 36 40 39 6
952 19 34 29 28 2
952 39 49 40 18 9
953 7 8 49 9 9
953 27 33 35 30 7
953 31 10 25 47 6
953 36 42 35 41 1
954 6 2 32 0 5
954 38 12 20 5 11
954 49 7 48 49 1
955 5 10 32 46 7
955 10 35 26 13 2
955 20 37 13 25 7
956 0 0 9 33 9
956 0 3 19 27 7
956 10 45 6 38 6
956 12 25 31 21 4
956 14 6 29 1 8
956 28 0 36 40 3
956 44 16 8 21 15
957 5 1 46 8 8
957 10 33 44 36 27
957 13 39 47 40 6
957 17 5 15 20 8
957 17 19 41 40 5
957 35 34 28 4 9
957 43 29 28 21 7
958 2 22 16 33 8
958 43 25 6 24 6
959 0 37 39 17 12
959 12 3 10 3 1
959 26 30 1 34 10
960 11 49 25 9 7
960 21 13 38 24 10
960 21 39 11 13 4
960 30 49 47 17 0
960 31 8 29 49 12
960 44 13 37 43 9
960 49 49 29 25 4
961 1 9 11 10 0
961 4 27 28 25 3
962 4 44 11 47 6
962 5 33 27 31 6
962 18 21 35 12 1
962 20 47 11 43 2
962 20 49 8 39 9
962 23 13 15 8 11
962 26 49 27 9 7
962 35 6 32 33 10
963 0 31 32 11 8
963 7 38 37 47 9
963 15 17 46 24 9
963 15 26 43 15 4
964 47 15 20 5 6
965 26 4 36 48 9
965 48 31 33 47 12
965 49 26 47 14 11
966 21 49 12 42 7
966 22 41 0 5 9
966 27 31 7 6 6
966 31 32 29 6 14
966 32 39 3 45 5
967 0 26 42 21 5
967 10 43 32 19 11
967 18 13 43 37 5
967 28 33 4 37 4
967 39 41 34 43 5
968 13 13 17 13 3
968 15 25 14 17 2
968 16 29 31 1 5
968 18 11 4 32 10
968 39 27 34 22 9
968 41 40 43 41 0
969 6 7 0 22 8
969 9 20 13 43 12
969 10 30 33 3 8
969 18 7 46 22 2
969 45 14 0 26 10
970 13 49 24 39 6
970 26 8 16 1 4
970 36 42 38 41 2
970 45 46 18 10 8
971 6 13 9 20 8
971 14 11 31 6 6
972 31 43 9 46 7
972 49 4 43 24 2
973 16 41 26 14 5
973 24 12 2 15 7
974 15 49 48 44 7
974 37 3 7 22 7
974 37 25 35 27 3
974 49 36 6 11 6
975 12 12 46 45 5
975 13 44 49 6 3
975 26 21 38 6 6
975 41 18 42 37 3
976 2 36 18 18 4
977 5 28 46 22 7
977 18 6 39 42 6
977 19 21 15 6 11
977 29 0 38 41 4
978 8 22 10 9 3
978 20 9 40 3 8
978 26 0 15 22 4
978 30 42 18 26 11
978 37 16 7 34 6
979 21 15 31 13 6
979 29 48 27 18 16
979 32 4 6 17 8
979 49 40 0 2 3
980 8 31 32 12 6
980 10 25 24 0 10
980 27 30 39 20 5
980 29 20 30 34 4
980 44 33 21 33 5
981 6 34 8 6 7
981 7 47 21 42 4
981 12 46 41 28 8
981 32 19 19 40 8
981 49 36 31 10 8
982 0 32 30 44 3
982 20 5 44 17 8
982 35 40 4 46 4
982 41 40 26 18 3
982 49 49 40 35 4
983 13 32 25 44 5
983 49 16 9 44 6
984 3 19 9 22 8
984 20 0 36 9 6
984 27 5 7 39 5
985 17 37 9 28 10
985 26 29 17 23 3
985 41 22 22 10 5
985 49 12 47 22 3
985 49 44 3 15 11
986 1 38 20 45 4
986 10 17 27 33 6
986 30 16 5 0 12
986 33 25 40 47 7
986 34 37 5 7 9
986 49 4 39 14 11
987 3 14 45 48 5
987 39 28 16 32 5
987 43 35 27 1 3
987 46 12 0 14 6
987 49 14 18 40 7
988 8 28 1 49 6
988 9 15 1 31 4
988 36 0 7 37 3
988 42 42 48 43 5
989 12 0 5 44 6
989 23 37 21 17 3
989 29 21 44 33 8
989 31 36 48 17 4
989 34 1 11 34 10
989 44 41 38 9 6
990 18 25 6 48 3
990 31 12 17 38 7
990 32 11 26 45 3
990 32 39 44 32 9
990 40 21 10 34 6
991 34 45 1 38 12
992 1 45 35 4 2
992 8 15 49 2 8
992 24 3 17 48 9
992 25 4 25 31 5
993 0 25 18 25 5
994 5 8 29 36 8
994 35 44 12 10 6
995 3 19 11 20 8
995 30 2 1 33 3
995 39 46 28 44 6
995 40 23 44 35 6
996 13 19 41 45 8
996 42 20 11 16 9
996 46 24 7 12 7
997 14 22 46 23 4
997 19 47 46 20 7
997 28 37 47 39 5
997 37 5 15 4 6
998 9 31 24 4 8
998 16 36 29 42 8
998 19 8 6 32 9
998 27 17 42 31 7
998 43 24 23 3 6
998 49 47 24 4 13
999 22 43 32 9 6
999 27 48 15 8 7
999 39 31 22 2 5
1000 8 6 17 8 7
1000 10 47 13 7 7
1000 23 16 37 40 8
1000 33 7 10 13 6
1000 41 8 17 47 7
1001 11 3 22 18 12
1001 33 8 36 8 2
1002 24 6 46 37 5
1002 37 20 32 35 6
1003 16 48 34 49 8
1003 26 18 21 9 4
1004 11 20 42 25 9
1004 49 39 30 25 7
1005 31 44 48 28 9
1006 41 42 30 12 8
